 1.25019353856732e-001    8.28872542716258e+001
 3.37373806293481e-001    3.88923441537065e+001
 2.98926768505130e-001    4.06904523014542e+001
 2.82005593155252e-001    4.25132575741008e+001
 2.74279795973173e-001    4.43104909712618e+001
 2.69647116865804e-001    4.61329463436738e+001
 2.61942313697807e-001    4.79554891911444e+001
 2.51165386469183e-001    4.97781195136737e+001
 2.40388459240559e-001    5.16007498362030e+001
 2.32683656072562e-001    5.34232926836736e+001
 2.21906728843938e-001    5.52459230062029e+001
 2.08036683540605e-001    5.70433313534812e+001
 2.00331880372609e-001    5.88658742009518e+001
 1.95699201265239e-001    6.06883295733637e+001
 1.87994398097243e-001    6.25108724208343e+001
 1.77217470868619e-001    6.43335027433636e+001
 1.66440543639995e-001    6.61561330658929e+001
 1.58735740471998e-001    6.79786759133635e+001
 1.47958813243374e-001    6.98013062358928e+001
 1.37181886014750e-001    7.16239365584221e+001
 1.32549206907381e-001    7.34463919308341e+001
 1.27916527800011e-001    7.52688473032460e+001
 1.17139600571387e-001    7.70914776257753e+001
 1.09413803389309e-001    7.88887110229362e+001
 1.01709000221312e-001    8.07112538704069e+001
 8.78599489320607e-002    8.25339716679948e+001
 3.72748720021204e-001    3.70943234810175e+001
 3.89669895371082e-001    3.52715182083708e+001
 4.06591070720961e-001    3.34487129357242e+001
 4.26605364145548e-001    3.16511296383285e+001
 4.46619657570135e-001    2.98535463409329e+001
 4.75829329162523e-001    2.80303911680515e+001
 5.08111124815537e-001    2.62071485201115e+001
 5.31176548286670e-001    2.43841682973476e+001
 5.85047188420402e-001    2.26615511252354e+001
 7.28282348495385e-001    2.12654200304472e+001
 1.01464070057025e+000    2.20418778095895e+001
 1.09664331957351e+000    2.09005907190712e+001
 1.28867556637914e+000    1.90727993680802e+001
 1.53751761528994e+000    1.90657138883276e+001
 1.73106143110945e+000    1.90602029596311e+001
 2.00622997367875e+000    1.74578348348427e+001
 2.31131498631453e+000    1.85881000679681e+001
 2.50655931727466e+000    2.06326546143531e+001
 2.67132033978812e+000    1.92612206444637e+001
 2.91940660419198e+000    1.83429949535639e+001
 3.11068306649067e+000    1.56040633914255e+001
 3.33414335237665e+000    1.83311858206429e+001
 3.53222187523782e+000    2.37925161588302e+001
 3.63903941888569e+000    1.92336660009815e+001
 3.77501764809309e+000    1.64963089898993e+001
 4.10624020826062e+000    1.58035065252020e+001
 4.24750892901661e+000    1.94441309921509e+001
 4.33215679379417e+000    2.14918346406481e+001
 4.57967621981782e+000    1.98902537913877e+001
 4.66602459973600e+000    2.39880229149664e+001
 4.82795143034842e+000    1.91998131532747e+001
 5.04744384757296e+000    1.71434494739687e+001
 5.26447996514994e+000    1.21258801084341e+001
 5.43377569470505e+000    1.62212874054285e+001
 5.43755461723976e+000    2.07769884611650e+001
 5.44057775526753e+000    2.44215493057542e+001
 5.52654824293223e+000    2.80637483237592e+001
 5.72235941227258e+000    3.07916580285046e+001
 5.72557149642708e+000    3.46640039258806e+001
 5.78540443656003e+000    4.01292706417083e+001
 5.89902404077038e+000    4.37706823841852e+001
 5.93045207985073e+000    4.83255961643936e+001
 6.09162312595621e+000    4.26262461915546e+001
 6.08897788018191e+000    3.94372554525391e+001
 6.08595474215414e+000    3.57926946079499e+001
 6.08387633476005e+000    3.32870590272948e+001
 6.16493422312963e+000    3.10068466728424e+001
 6.24618105762594e+000    2.89544193711768e+001
 6.32629421536185e+000    2.55352817527902e+001
 6.43481227415033e+000    2.30264970700229e+001
 6.46000509104841e+000    2.00645041082661e+001
 6.45679300689391e+000    1.61921582108901e+001
 6.48198582379199e+000    1.32301652491333e+001
 6.59069282870721e+000    1.09491656191528e+001
 6.81301943783279e+000    1.23095777316493e+001
 6.95239869732143e+000    1.36723516707299e+001
 6.95409921246205e+000    1.57224171458113e+001
 6.98514935928893e+000    1.98217608204461e+001
 7.01827791350991e+000    2.64267400757359e+001
 7.02167894379115e+000    3.05268710258987e+001
 7.16370344905409e+000    3.50786357039949e+001
 7.16672658708186e+000    3.87231965485841e+001
 7.08812499835984e+000    4.39646145892652e+001
 7.14550163884523e+000    4.64686756188642e+001
 7.17655178567211e+000    5.05680192934989e+001
 7.31668682966769e+000    5.28419334437269e+001
 7.34679224586090e+000    5.58023518544275e+001
 7.46097868845146e+000    6.01271187552649e+001
 7.52024479020419e+000    6.49090303127321e+001
 7.60678211624910e+000    6.92345844890976e+001
 7.76984262362194e+000    6.58130850441268e+001
 7.85033367361131e+000    6.28495175313139e+001
 7.87533754438266e+000    5.96597395167703e+001
 7.90053036128074e+000    5.66977465550135e+001
 7.89769616937970e+000    5.32809707632111e+001
 8.00697001267514e+000    5.16833262915911e+001
 8.11492123308342e+000    4.84911864504633e+001
 8.14030299610823e+000    4.57569785414934e+001
 8.19276703729849e+000    4.23386281986349e+001
 8.21777090806984e+000    3.91488501840913e+001
 8.24258583271445e+000    3.57312871167608e+001
 8.26815654186600e+000    3.32248642605777e+001
 8.26607813447191e+000    3.07192286799226e+001
 8.34694707671475e+000    2.82112312726834e+001
 8.37232883973957e+000    2.54770233637134e+001
 8.42535971931003e+000    2.27420281792154e+001
 8.42328131191594e+000    2.02363925985603e+001
 8.53198831683116e+000    1.79553929685798e+001
 8.64126216012659e+000    1.63577484969598e+001
 8.77931879672808e+000    1.61260270665327e+001
 8.83631754495999e+000    1.81745179905579e+001
 8.83820700622735e+000    2.04523685184262e+001
 8.86793453016709e+000    2.29572168235532e+001
 8.92493327839900e+000    2.50057077475785e+001
 8.92644484741288e+000    2.68279881698731e+001
 8.98344359564479e+000    2.88764790938984e+001
 9.01336006571126e+000    3.16091124518122e+001
 9.01506058085188e+000    3.36591779268936e+001
 9.01676109599251e+000    3.57092434019750e+001
 9.01846161113312e+000    3.77593088770564e+001
 9.04743335056592e+000    3.93530169710361e+001
 9.04894491957980e+000    4.11752973933307e+001
 9.05007859634022e+000    4.25420077100517e+001
 9.07867244351954e+000    4.36801456984577e+001
 9.08037295866016e+000    4.57302111735391e+001
 9.08188452767405e+000    4.75524915958337e+001
 9.08339609668793e+000    4.93747720181283e+001
 9.11293467450093e+000    5.16518352704685e+001
 9.08717501922264e+000    5.39304730738648e+001
 9.11652465090891e+000    5.59797512734182e+001
 9.11879200442974e+000    5.87131719068601e+001
 9.14795268998927e+000    6.05346650536266e+001
 9.17711337554880e+000    6.23561582003931e+001
 9.26195018645309e+000    6.46316469016772e+001
 9.29129981813935e+000    6.66809251012305e+001
 9.34867645862473e+000    6.91849861308295e+001
 9.35037697376536e+000    7.12350516059109e+001
 9.40813150650421e+000    7.41946827410835e+001
 9.40945412939136e+000    7.57891781105912e+001
 9.49410199416891e+000    7.78368817590884e+001
 9.52345162585518e+000    7.98861599586418e+001
 9.58120615859403e+000    8.28457910938144e+001
 9.66169720858340e+000    7.98822235810015e+001
 9.68783475611516e+000    7.80591558831788e+001
 9.68632318710128e+000    7.62368754608842e+001
 9.71246073463304e+000    7.44138077630616e+001
 9.76681423709065e+000    7.32733079480713e+001
 9.84881685609391e+000    7.21320208575530e+001
 9.93025263671696e+000    7.03073786086742e+001
 9.98422824692110e+000    6.87113086881103e+001
 9.98177194727353e+000    6.57501030018816e+001
 9.98063827051312e+000    6.43833926851606e+001
 1.00067758180449e+001    6.25603249873380e+001
 1.00327244194499e+001    6.05094722367285e+001
 1.00592398592351e+001    5.91419746444795e+001
 1.00857552990204e+001    5.77744770522305e+001
 1.00836768916263e+001    5.52688414715754e+001
 1.01374635557037e+001    5.34449864982247e+001
 1.01637900493622e+001    5.18497038531889e+001
 1.02473042373793e+001    5.25306971849651e+001
 1.03590343803223e+001    5.38942583995738e+001
 1.03571449190550e+001    5.16164078717056e+001
 1.03825266820798e+001    4.88821999627356e+001
 1.03802593285589e+001    4.61487793292937e+001
 1.04058300377105e+001    4.36423564731106e+001
 1.04039405764431e+001    4.13645059452424e+001
 1.04014842767956e+001    3.84033002590136e+001
 1.04272439320739e+001    3.61246624556173e+001
 1.04806527038978e+001    3.38452373766930e+001
 1.04776295658700e+001    3.02006765321038e+001
 1.05032002750216e+001    2.76942536759207e+001
 1.05011218676275e+001    2.51886180952656e+001
 1.04996102986136e+001    2.33663376729710e+001
 1.04695048824204e+001    2.04059192622703e+001
 1.04956424299522e+001    1.85828515644477e+001
 1.05490512017761e+001    1.63034264855233e+001
 1.05473506866355e+001    1.42533610104419e+001
 1.06017041890931e+001    1.31128611954516e+001
 1.07950590587859e+001    1.28795652139684e+001
 1.09062223633487e+001    1.35597712702166e+001
 1.09899254974925e+001    1.44685496547797e+001
 1.09639768960875e+001    1.65194024053892e+001
 1.10207866981927e+001    1.83401082766276e+001
 1.10230540517135e+001    2.10735289100695e+001
 1.10525926295265e+001    2.33505921624097e+001
 1.10817533150860e+001    2.51720853091762e+001
 1.11109140006456e+001    2.69935784559428e+001
 1.11402636323318e+001    2.90428566554961e+001
 1.11692353717646e+001    3.06365647494758e+001
 1.12529385059085e+001    3.15453431340389e+001
 1.13917509270169e+001    3.22247619147591e+001
 1.14218563432101e+001    3.51851803254597e+001
 1.14515838671499e+001    3.76900286305867e+001
 1.14262021041251e+001    4.04242365395567e+001
 1.14286584037726e+001    4.33854422257854e+001
 1.14583859277124e+001    4.58902905309124e+001
 1.15155736220710e+001    4.81665665077245e+001
 1.15454900921375e+001    5.08991998656383e+001
 1.15204862213661e+001    5.40889778801819e+001
 1.15784297002317e+001    5.72763940681413e+001
 1.15806970537525e+001    6.00098147015832e+001
 1.15833422995268e+001    6.31988054405987e+001
 1.16410968322657e+001    6.61584365757713e+001
 1.16424194551528e+001    6.77529319452791e+001
 1.16443089164202e+001    7.00307824731473e+001
 1.16465762699410e+001    7.27642031065892e+001
 1.16757369555006e+001    7.45856962533558e+001
 1.17329246498592e+001    7.68619722301679e+001
 1.17346251649998e+001    7.89120377052493e+001
 1.17649195273198e+001    8.21002411687368e+001
 1.18211624910447e+001    8.32375918816148e+001
 1.19611085889136e+001    8.52837209790558e+001
 1.20455675075644e+001    8.71036395747662e+001
 1.21578644888876e+001    8.91505559477354e+001
 1.22108953684581e+001    8.64155607632374e+001
 1.22374108082433e+001    8.50480631709884e+001
 1.22357102931027e+001    8.29979976959070e+001
 1.22891190649266e+001    8.07185726169826e+001
 1.23425278367505e+001    7.84391475380582e+001
 1.24245304557538e+001    7.72978604475399e+001
 1.25614534155949e+001    7.56994287003918e+001
 1.26428891962179e+001    7.38747864515130e+001
 1.26408107888238e+001    7.13691508708580e+001
 1.26671372824823e+001    6.97738682258221e+001
 1.27214907849399e+001    6.86333684108319e+001
 1.28016039426758e+001    6.52142307924453e+001
 1.28813392081583e+001    6.13395230684851e+001
 1.28790718546374e+001    5.86061024350432e+001
 1.29048315099157e+001    5.63274646316469e+001
 1.29857004521586e+001    5.38194672244076e+001
 1.29836220447645e+001    5.13138316437526e+001
 1.30088148616626e+001    4.83518386819958e+001
 1.30065475081417e+001    4.56184180485539e+001
 1.30319292711666e+001    4.28842101395839e+001
 1.30300398098992e+001    4.06063596117157e+001
 1.30550436806706e+001    3.74165815971721e+001
 1.30527763271497e+001    3.46831609637302e+001
 1.30505089736289e+001    3.19497403302883e+001
 1.30755128444002e+001    2.87599623157447e+001
 1.30736233831329e+001    2.64821117878765e+001
 1.31274100472103e+001    2.46582568145258e+001
 1.31251426936895e+001    2.19248361810839e+001
 1.31505244567143e+001    1.91906282721139e+001
 1.31486349954469e+001    1.69127777442457e+001
 1.32293149915630e+001    1.41769952842196e+001
 1.32272365841689e+001    1.16713597035645e+001
 1.32531851855740e+001    9.62050695295504e+000
 1.32514846704333e+001    7.57044147787362e+000
 1.33327315049297e+001    5.51801417620801e+000
 1.34145451778062e+001    4.14894203290287e+000
 1.35251416439888e+001    4.14579293079061e+000
 1.36096005626396e+001    5.96571152650101e+000
 1.36938705351637e+001    7.55784506942458e+000
 1.37781405076877e+001    9.14997861234816e+000
 1.37796520767016e+001    1.09722590346427e+001
 1.37811636457155e+001    1.27945394569373e+001
 1.38660004566198e+001    1.50700281582214e+001
 1.38949721960526e+001    1.66637362522011e+001
 1.38968616573200e+001    1.89415867800693e+001
 1.39809426837173e+001    2.03059352702061e+001
 1.41203219432059e+001    2.16687092092867e+001
 1.42019466699557e+001    2.00718520131947e+001
 1.42563001724133e+001    1.89313521982045e+001
 1.42555443879064e+001    1.80202119870572e+001
 1.42816819354382e+001    1.61971442892345e+001
 1.43356575456423e+001    1.46010743686706e+001
 1.44481434730922e+001    1.68757757944266e+001
 1.44769262663983e+001    1.82416988356195e+001
 1.44784378354122e+001    2.00639792579141e+001
 1.45354365836441e+001    2.21124701819394e+001
 1.45644083230769e+001    2.37061782759191e+001
 1.46488672417277e+001    2.55260968716295e+001
 1.47056770438329e+001    2.73468027428679e+001
 1.47622978998113e+001    2.89397235613196e+001
 1.47927812082580e+001    3.23557120775939e+001
 1.48225087321977e+001    3.48605603827209e+001
 1.48529920406444e+001    3.82765488989952e+001
 1.48829085107109e+001    4.10091822569090e+001
 1.49128249807774e+001    4.37418156148228e+001
 1.49425525047171e+001    4.62466639199498e+001
 1.49438751276042e+001    4.78411592894576e+001
 1.50266335311144e+001    4.76110124100866e+001
 1.51362852666633e+001    4.64689380440402e+001
 1.51656348983496e+001    4.85182162435935e+001
 1.51951734761626e+001    5.07952794959337e+001
 1.52521722243945e+001    5.28437704199590e+001
 1.51993302909508e+001    5.58065506572439e+001
 1.52574627159431e+001    5.92217518979901e+001
 1.52587853388303e+001    6.08162472674979e+001
 1.52606748000976e+001    6.30940977953661e+001
 1.52907802162908e+001    6.60545162060668e+001
 1.52938033543186e+001    6.96990770506559e+001
 1.53517468331842e+001    7.28864932386153e+001
 1.53989063868165e+001    8.15918069693712e+001
 1.54998106164980e+001    9.95337579372681e+001
 1.54987679137986e+001    9.45730182015186e+001
 1.55987064188323e+001    1.00239623344061e+002
 1.56995406684669e+001    9.95786909590736e+001
 1.57985274448623e+001    9.66905269468376e+001
 1.59013281338158e+001    9.09928390001134e+001
 1.59987403591551e+001    8.62064662146539e+001
 1.60996585848460e+001    8.56467716309054e+001
 1.62003108863585e+001    8.10627869728644e+001
 1.62017524753255e+001    7.53932951533860e+001
 1.62986678423315e+001    6.63042283402278e+001
 1.62999554751951e+001    6.41528375888491e+001
 1.64016154893836e+001    6.07837065456712e+001
 1.65003083495818e+001    5.75412102291001e+001
 1.65982944113060e+001    4.97429253817339e+001
 1.67007661940389e+001    3.99450190097882e+001
 1.66991216629359e+001    3.05550379947917e+001
 1.67993960721949e+001    2.55154832311770e+001
 1.68001798487206e+001    2.27566656723668e+001
 1.69019308369701e+001    1.57935052101603e+001
 1.68997684535197e+001    1.31866318282666e+001
 1.69979574573800e+001    9.33670870426403e+000
 1.69991821082014e+001    7.10938960195641e+000
 1.71015979068968e+001    4.65139876992573e+000
 1.71977434933864e+001    2.04172618615451e+000
 1.72985987370351e+001    1.40610325147709e+000
 1.73998108789231e+001    1.20074097206367e+000
 1.74981188488632e+001    1.19794177018611e+000
 1.75995199368780e+001    1.22036454355952e+000
 1.76978489008322e+001    1.24287479199160e+000
 1.77993339649033e+001    1.36653536660360e+000
 1.78979358510405e+001    1.71806846906109e+000
 1.79995048911679e+001    1.94296684491168e+000
 1.80974979508967e+001    1.56052588838941e+000
 1.81985841287003e+001    1.20330690711811e+000
 1.82999642227010e+001    1.20042023018187e+000
 1.84013443167017e+001    1.19753355324563e+000
 1.84996522866418e+001    1.19473435136807e+000
 1.86010533746566e+001    1.21715712474147e+000
 1.86993403505825e+001    1.18904847255426e+000
 1.87990339254520e+001    2.85667299111341e+000
 1.87981521768606e+001    1.79367607810823e+000
 1.89013587500864e+001    3.99271157811129e+000
 1.89993658058246e+001    7.33084729216582e+000
 1.90997101951306e+001    9.78306477032403e+000
 1.91974653226999e+001    1.28174870806628e+001
 1.92992023149400e+001    1.32448610589906e+001
 1.93994627281896e+001    1.55958407359102e+001
 1.94009393071800e+001    1.36722350373183e+001
 1.94992542751248e+001    2.10852797262847e+001
 1.96002004928345e+001    2.79667384836898e+001
 1.95983320255812e+001    2.57141974061312e+001
 1.97001669898870e+001    2.99633858562744e+001
 1.98022608803665e+001    3.08210204898662e+001
 1.99022063834049e+001    3.27923584121411e+001
 1.99489600527650e+001    3.36009486961697e+001
 1.99988278342138e+001    3.44600704057589e+001
 2.00484646815077e+001    3.50407881619420e+001
 2.01009847067355e+001    3.53936333902796e+001
 2.01502226677619e+001    3.54934715905794e+001
 2.01995026168164e+001    3.56439286914985e+001
 2.02488245538991e+001    3.58450046930369e+001
 2.03011136449720e+001    3.59194459679684e+001
 2.03502676299420e+001    3.59180463670296e+001
 2.04373577983577e+001    3.72063790311787e+001
 2.04661405916638e+001    3.85723020723716e+001
 2.04672742684242e+001    3.99390123890926e+001
 2.04970017923640e+001    4.24438606942196e+001
 2.05265403701770e+001    4.47209239465597e+001
 2.05558900018632e+001    4.67702021461131e+001
 2.06128887500951e+001    4.88186930701384e+001
 2.06952692613519e+001    4.81329760851937e+001
 2.07774608264819e+001    4.72194740474622e+001
 2.08338927363336e+001    4.85846098131270e+001
 2.08910804306922e+001    5.08608857899391e+001
 2.08924030535793e+001    5.24553811594469e+001
 2.08944814609734e+001    5.49610167401020e+001
 2.08414505814030e+001    5.76960119246000e+001
 2.08990161680151e+001    6.04278580069858e+001
 2.09010945754092e+001    6.29334935876408e+001
 2.09313889377291e+001    6.61216970511283e+001
 2.09334673451232e+001    6.86273326317834e+001
 2.09349789141371e+001    7.04496130540780e+001
 2.09364904831510e+001    7.22718934763726e+001
 2.09658401148373e+001    7.43211716759259e+001
 2.10512437641218e+001    7.72800155355704e+001
 2.11033299130585e+001    7.34060950871383e+001
 2.11845767475549e+001    7.13536677854727e+001
 2.11828762324142e+001    6.93036023103913e+001
 2.12355292197312e+001    6.61130370203196e+001
 2.12887490454284e+001    6.36058268886084e+001
 2.13135639700730e+001    6.01882638212780e+001
 2.13395125714781e+001    5.81374110706685e+001
 2.14203815137209e+001    5.56294136634292e+001
 2.14457632767457e+001    5.28952057544593e+001
 2.14444406538586e+001    5.13007103849515e+001
 2.14423622464645e+001    4.87950748042964e+001
 2.14957710182884e+001    4.65156497253721e+001
 2.15488018978589e+001    4.37806545408740e+001
 2.16027775080630e+001    4.21845846203101e+001
 2.15728610379965e+001    3.94519512623963e+001
 2.15974870165144e+001    3.58066031422791e+001
 2.16783559587573e+001    3.32986057350398e+001
 2.17861182330388e+001    2.98786808411252e+001
 2.17847956101517e+001    2.82841854716174e+001
 2.18114999960636e+001    2.71444729321552e+001
 2.18652866601410e+001    2.53206179588045e+001
 2.20309924132882e+001    2.50881092528493e+001
 2.22519963995266e+001    2.48540259958379e+001
 2.23622149734557e+001    2.43953067881520e+001
 2.24444065385857e+001    2.34818047504205e+001
 2.25542472202613e+001    2.25675154371610e+001
 2.26915480723559e+001    2.14246537955865e+001
 2.28585764483902e+001    2.27866404591391e+001
 2.30524981564631e+001    2.32366996360163e+001
 2.31916884698250e+001    2.43716885223101e+001
 2.33032296666413e+001    2.55074646841319e+001
 2.33873106930387e+001    2.68718131742687e+001
 2.34719585578162e+001    2.89195168227659e+001
 2.35567953687205e+001    3.11950055240500e+001
 2.36689034039170e+001    3.30141368442323e+001
 2.36980640894765e+001    3.48356299909988e+001
 2.36995756584904e+001    3.66579104132934e+001
 2.37293031824301e+001    3.91627587184204e+001
 2.37302479130638e+001    4.03016839823545e+001
 2.37601643831303e+001    4.30343173402684e+001
 2.38173520774889e+001    4.53105933170805e+001
 2.38196194310097e+001    4.80440139505224e+001
 2.38773739637486e+001    5.10036450856949e+001
 2.39347506042340e+001    5.35077061152939e+001
 2.39646670743004e+001    5.62403394732077e+001
 2.39938277598600e+001    5.80618326199742e+001
 2.39960951133808e+001    6.07952532534161e+001
 2.40252557989403e+001    6.26167464001826e+001
 2.40544164844999e+001    6.44382395469492e+001
 2.40835771700594e+001    6.62597326937157e+001
 2.41400090799111e+001    6.76248684593805e+001
 2.42509834383471e+001    6.80772894628419e+001
 2.43600683355158e+001    6.62518599384350e+001
 2.43583678203752e+001    6.42017944633536e+001
 2.44665079869102e+001    6.12374396750127e+001
 2.44644295795161e+001    5.87318040943576e+001
 2.44905671270479e+001    5.69087363965349e+001
 2.45165157284529e+001    5.48578836459255e+001
 2.45987072935829e+001    5.39443816081940e+001
 2.46244669488612e+001    5.16657438047977e+001
 2.46231443259741e+001    5.00712484352899e+001
 2.46496597657593e+001    4.87037508430409e+001
 2.47043911604704e+001    4.80188211336243e+001
 2.47312844925091e+001    4.71068936469489e+001
 2.48415030664382e+001    4.66481744392630e+001
 2.49240725238216e+001    4.61902425071052e+001
 2.50043746276843e+001    4.29988899415054e+001
 2.50293784984556e+001    3.98091119269618e+001
 2.50271111449348e+001    3.70756912935199e+001
 2.49975725671218e+001    3.47986280411798e+001
 2.49953052136010e+001    3.20652074077379e+001
 2.51032564340093e+001    2.88730675666101e+001
 2.51009890804884e+001    2.61396469331682e+001
 2.51267487357667e+001    2.38610091297719e+001
 2.51807243459709e+001    2.22649392092080e+001
 2.52339441716681e+001    1.97577290774968e+001
 2.52598927730731e+001    1.77068763268873e+001
 2.52574364734255e+001    1.47456706406586e+001
 2.53381164695416e+001    1.20098881806325e+001
 2.53907694568586e+001    8.81932289056083e+000
 2.54441782286825e+001    6.53989781163646e+000
 2.54703157762143e+001    4.71683011381380e+000
 2.55513736645839e+001    2.43661775936136e+000
 2.56051603286613e+001    6.12762786010639e-001
 2.57714329201886e+001    1.06360923841590e+000
