-2.03190579159926e+001    1.80713743356112e+001
-2.03009419739637e+001    1.80713743356112e+001
-2.02795453545057e+001    1.85522652493040e+001
-2.02581487350478e+001    1.90331561629967e+001
-2.02400327930188e+001    1.90331561629967e+001
-2.02186774399437e+001    1.94381169324222e+001
-2.02002863886963e+001    1.99443178942040e+001
-2.01791098566131e+001    2.00202480384713e+001
-2.01817165164570e+001    2.07795494811440e+001
-2.01579745909126e+001    2.00202480384713e+001
-2.01605812507566e+001    2.07795494811440e+001
-2.01421351776655e+001    2.13869906352822e+001
-2.01203121389192e+001    2.26524930397368e+001
-2.00998233798818e+001    2.14629207795495e+001
-2.00986679211647e+001    2.35889648190332e+001
-2.00817074378528e+001    2.14629207795495e+001
-2.00801255598473e+001    2.43735763097950e+001
-2.00580961891871e+001    2.60187294355859e+001
-2.00389348321284e+001    2.79422930903569e+001
-2.00208188900994e+001    2.79422930903569e+001
-1.99988170303611e+001    2.95368261199696e+001
-1.99825374423646e+001    3.17134902556315e+001
-1.99608106918447e+001    3.28018223234624e+001
-1.99401706227372e+001    3.18906605922551e+001
-1.99389738976374e+001    3.40926347760061e+001
-1.99205278245463e+001    3.47000759301443e+001
-1.98988836067919e+001    3.56365477094406e+001
-1.98807676647629e+001    3.56365477094406e+001
-1.98590684251648e+001    3.66742596810934e+001
-1.98376855611678e+001    3.71298405466970e+001
-1.98224926545839e+001    3.73070108833207e+001
-1.98012060788133e+001    3.75854214123007e+001
-1.97799470139645e+001    3.78132118451025e+001
-1.97615834736390e+001    3.82687927107062e+001
-1.97404482079386e+001    3.82687927107062e+001
-1.97192579203944e+001    3.83700329030625e+001
-1.97010456901390e+001    3.85472032396862e+001
-1.96799379353603e+001    3.84965831435080e+001
-1.96618219933314e+001    3.84965831435080e+001
-1.96407692603964e+001    3.83447228549734e+001
-1.96196752610786e+001    3.82687927107062e+001
-1.96015730745106e+001    3.82434826626171e+001
-1.95804378088101e+001    3.82434826626171e+001
-1.95624043995466e+001    3.80916223740825e+001
-1.95410765573933e+001    3.84459630473298e+001
-1.95196386715526e+001    3.90027841052898e+001
-1.95185519901401e+001    4.10022779043280e+001
-1.95015227295236e+001    3.90027841052898e+001
-1.95004360481111e+001    4.10022779043280e+001
-1.94796721798554e+001    4.03189066059226e+001
-1.94810821145995e+001    4.32801822323462e+001
-1.94605245782576e+001    4.22171602126044e+001
-1.94393755570962e+001    4.22424702606935e+001
-1.94187492434497e+001    4.13059984813971e+001
-1.94181715140911e+001    4.23690205011390e+001
-1.94200766454282e+001    4.44191343963554e+001
-1.94189762085548e+001    4.64439382434827e+001
-1.94187148547974e+001    4.69248291571754e+001
-1.94011491312051e+001    4.59124272336117e+001
-1.93795736907552e+001    4.67223487724627e+001
-1.93580395166881e+001    4.74563401670463e+001
-1.93403362384867e+001    4.66970387243736e+001
-1.93418424614572e+001    4.94811440141736e+001
-1.93405081817482e+001    5.19362186788155e+001
-1.93183343787484e+001    4.82915717539863e+001
-1.93209547940532e+001    4.90255631485700e+001
-1.93198543571798e+001    5.10503669956973e+001
-1.93002184367194e+001    4.82915717539863e+001
-1.92998195283528e+001    4.90255631485700e+001
-1.92987053360184e+001    5.10756770437864e+001
-1.92803142847711e+001    5.15818780055682e+001
-1.92590277090005e+001    5.18602885345482e+001
-1.92408705005887e+001    5.19362186788155e+001
-1.92197352348883e+001    5.19362186788155e+001
-1.91986137246487e+001    5.19109086307264e+001
-1.91804702716979e+001    5.19615287269046e+001
-1.91589223421698e+001    5.27208301695773e+001
-1.91408064001409e+001    5.27208301695773e+001
-1.91216450430821e+001    5.46443938243483e+001
-1.91191415491950e+001    5.92508225765629e+001
-1.91214868552815e+001    6.04910149329284e+001
-1.90988522443410e+001    5.21386990635282e+001
-1.90983432922870e+001    5.30751708428246e+001
-1.90988866329933e+001    5.76309794988610e+001
-1.90994299736996e+001    6.21867881548975e+001
-1.90986734233491e+001    6.35788407997975e+001
-1.90807363023120e+001    5.21386990635282e+001
-1.90802273502581e+001    5.30751708428246e+001
-1.90807706909643e+001    5.76309794988610e+001
-1.90813140316706e+001    6.21867881548975e+001
-1.90805574813201e+001    6.35788407997975e+001
-1.90822287698216e+001    6.60592255125285e+001
-1.90814859749321e+001    6.74259681093394e+001
-1.90599861895172e+001    6.25411288281448e+001
-1.90586450320777e+001    7.05644140723867e+001
-1.90612516919217e+001    7.13237155150595e+001
-1.90390159893478e+001    6.22374082510757e+001
-1.90382525612668e+001    6.91976714755758e+001
-1.90209000473188e+001    6.22374082510757e+001
-1.90201366192378e+001    6.91976714755758e+001
-1.89985543010575e+001    6.44646924829157e+001
-1.89981966590737e+001    6.51227537332321e+001
-1.90008583407613e+001    6.57808149835485e+001
-1.89994690392086e+001    6.83371298405467e+001
-1.89993796287126e+001    7.40572007086814e+001
-1.89992489518339e+001    7.98532017210833e+001
-1.89989050653109e+001    8.04859529233105e+001
-1.89985749342489e+001    8.10933940774488e+001
-1.89981760258823e+001    8.18273854720324e+001
-1.89995309387827e+001    8.48899012908124e+001
-1.89793310444246e+001    7.20577069096431e+001
-1.89818964378858e+001    7.28929384965831e+001
-1.89810023329262e+001    7.45380916223741e+001
-1.89796542977562e+001    7.70184763351050e+001
-1.89805827913682e+001    8.08656036446469e+001
-1.89814149967537e+001    8.48899012908124e+001
-1.89612151023957e+001    7.20577069096431e+001
-1.89607611721854e+001    7.28929384965831e+001
-1.89598670672257e+001    7.45380916223741e+001
-1.89615521111881e+001    7.69931662870160e+001
-1.89616002553014e+001    8.24601366742597e+001
-1.89390550548568e+001    7.94988610478360e+001
-1.89386630242206e+001    8.57757529739307e+001
-1.89386699019511e+001    9.13186535054417e+001
-1.89216062526823e+001    8.38268792710706e+001
-1.89220533051622e+001    8.85598582637307e+001
-1.89004709869818e+001    8.38268792710706e+001
-1.89009180394617e+001    8.85598582637307e+001
-1.88777263323539e+001    8.67881548974943e+001
-1.88800441275186e+001    8.80789673500380e+001
-1.88788198914969e+001    9.03315616299671e+001
-1.88607039494679e+001    9.03315616299671e+001
-1.88399538366732e+001    8.96228802834725e+001
-1.88218378946442e+001    8.96228802834725e+001
-1.88010327600057e+001    8.90154391293344e+001
-1.87802413808282e+001    8.83826879271071e+001
-1.87623042597911e+001    8.80536573019489e+001
-1.87413753260044e+001    8.76740065806125e+001
-1.87175646231554e+001    8.70412553783852e+001
-1.86997237903448e+001    8.65350544166034e+001
-1.86788361229408e+001    8.60794735509998e+001
-1.86607201809118e+001    8.60794735509998e+001
-1.86399012908125e+001    8.54973424449506e+001
-1.86190273788694e+001    8.50164515312579e+001
-1.86009114368404e+001    8.50164515312579e+001
-1.85800650358192e+001    8.44849405213870e+001
-1.85592186347980e+001    8.39534295115161e+001
-1.85405593520628e+001    7.93976208554796e+001
-1.85397752907904e+001    8.08402935965578e+001
-1.85417079330494e+001    8.28397873955960e+001
-1.85188876233865e+001    8.03847127309542e+001
-1.85009505023494e+001    8.00556821057960e+001
-1.84816309574901e+001    7.67147557580359e+001
-1.84602687266845e+001    7.15768159959504e+001
-1.84418432867849e+001    6.65907365223994e+001
-1.84421802955773e+001    7.15261958997722e+001
-1.84421596623860e+001    7.71197165274614e+001
-1.84191880426529e+001    6.38319412806884e+001
-1.84210450298769e+001    7.15261958997722e+001
-1.83992907684351e+001    5.04429258415591e+001
-1.83983691525536e+001    5.21386990635282e+001
-1.83974888030548e+001    5.37585421412301e+001
-1.83989606373730e+001    6.21614781068084e+001
-1.83811748264061e+001    5.04429258415591e+001
-1.83802532105246e+001    5.21386990635282e+001
-1.83797786471229e+001    5.85674512781574e+001
-1.83601702375843e+001    4.46469248291572e+001
-1.83588153246839e+001    5.26955201214882e+001
-1.83401422864877e+001    4.81650215135409e+001
-1.83390899937275e+001    5.56567957479119e+001
-1.83199355143992e+001    4.09010377119717e+001
-1.83196328942590e+001    4.14578587699317e+001
-1.83207677197848e+001    4.49253353581372e+001
-1.83206920647497e+001    5.06200961781827e+001
-1.83209740516985e+001    5.56567957479119e+001
-1.82988002486987e+001    4.09010377119717e+001
-1.82984976285585e+001    4.14578587699317e+001
-1.82996324540843e+001    4.49253353581372e+001
-1.83003271048606e+001    4.92027334851936e+001
-1.82804504638341e+001    4.13313085294862e+001
-1.82605256786944e+001    3.91040242976462e+001
-1.82590813552981e+001    4.17615793470008e+001
-1.82374577707350e+001    3.71045304986079e+001
-1.82388539500182e+001    4.00911161731207e+001
-1.82193418287060e+001    3.71045304986079e+001
-1.82207380079892e+001    4.00911161731207e+001
-1.81993207553399e+001    3.50544166033915e+001
-1.82007169346230e+001    3.80410022779043e+001
-1.81794509920438e+001    3.27258921791951e+001
-1.81612456395189e+001    2.73348519362187e+001
-1.81593473859122e+001    3.08276385725133e+001
-1.81394501116943e+001    2.85497342444951e+001
-1.81379507664543e+001    3.13085294862060e+001
-1.81403373389236e+001    3.24727916983042e+001
-1.81213341696654e+001    2.85497342444951e+001
-1.81198348244253e+001    3.13085294862060e+001
-1.81007766333234e+001    2.74867122247532e+001
-1.80774198606847e+001    2.60187294355859e+001
-1.80596065387959e+001    2.54619083776259e+001
-1.80386776050092e+001    2.50822576562895e+001
-1.80181613350500e+001    2.39433054922804e+001
-1.80006506333014e+001    2.28296633763604e+001
-1.79800380751158e+001    2.18678815489749e+001
-1.79619221330868e+001    2.18678815489749e+001
-1.79412958194403e+001    2.09314097696786e+001
-1.79407456010036e+001    2.19438116932422e+001
-1.79201055318962e+001    2.10326499620349e+001
-1.79019758344063e+001    2.10579600101240e+001
-1.78808543241667e+001    2.10326499620349e+001
-1.78596365257007e+001    2.11845102505695e+001
-1.78413417626798e+001    2.15135408757277e+001
-1.78202064969793e+001    2.15135408757277e+001
-1.78019117339584e+001    2.18425715008859e+001
-1.77806526691096e+001    2.20703619336877e+001
-1.77594348706436e+001    2.22222222222222e+001
-1.77413189286147e+001    2.22222222222222e+001
-1.77200598637659e+001    2.24500126550240e+001
-1.76989521089873e+001    2.23993925588459e+001
-1.76808774333410e+001    2.23234624145786e+001
-1.76597421676406e+001    2.23234624145786e+001
-1.76417087583771e+001    2.21716021260440e+001
-1.76206697809030e+001    2.19944317894204e+001
-1.75996032925071e+001    2.18678815489749e+001
-1.75814873504781e+001    2.18678815489749e+001
-1.75604758839259e+001    2.16400911161731e+001
-1.75394093955300e+001    2.15135408757277e+001
-1.75212934535010e+001    2.15135408757277e+001
-1.75002819869488e+001    2.12857504429258e+001
-1.74823035995290e+001    2.10326499620349e+001
-1.74613471548205e+001    2.07036193368767e+001
-1.74401981336591e+001    2.07289293849658e+001
-1.74192554444114e+001    2.03745887117186e+001
-1.73982439778592e+001    2.01467982789167e+001
-1.73803756341267e+001    1.96912174133131e+001
-1.73592266129653e+001    1.97165274614022e+001
-1.73381876354913e+001    1.95393571247785e+001
-1.73201817371497e+001    1.93368767400658e+001
-1.72991565151365e+001    1.91343963553531e+001
-1.72780212494360e+001    1.91343963553531e+001
-1.72599328183289e+001    1.90837762591749e+001
-1.72388663299330e+001    1.89572260187294e+001
-1.72177860860762e+001    1.88559858263731e+001
-1.71996701440472e+001    1.88559858263731e+001
-1.71785899001904e+001    1.87547456340167e+001
-1.71605152245441e+001    1.86788154897494e+001
-1.71393799588437e+001    1.86788154897494e+001
-1.71182446931432e+001    1.86788154897494e+001
-1.71001287511142e+001    1.86788154897494e+001
-1.70789247081091e+001    1.88053657301949e+001
-1.70608087660801e+001    1.88053657301949e+001
-1.70396184785360e+001    1.89066059225513e+001
-1.70184144355309e+001    1.90331561629967e+001
-1.70002572271192e+001    1.91090863072640e+001
-1.69791219614187e+001    1.91090863072640e+001
-1.69579454293354e+001    1.91850164515313e+001
-1.69397882209237e+001    1.92609465957985e+001
-1.69186529552232e+001    1.92609465957985e+001
-1.69005370131942e+001    1.92609465957985e+001
-1.68794980357202e+001    1.90837762591749e+001
-1.68585003246289e+001    1.88306757782840e+001
-1.68404944262872e+001    1.86281953935712e+001
-1.68193591605868e+001    1.86281953935712e+001
-1.67983476940345e+001    1.84004049607694e+001
-1.67803417956929e+001    1.81979245760567e+001
-1.67593165736798e+001    1.79954441913440e+001
-1.67412006316508e+001    1.79954441913440e+001
-1.67201066323330e+001    1.79195140470767e+001
-1.66989438557107e+001    1.79701341432549e+001
-1.66808279136817e+001    1.79701341432549e+001
-1.66596513815985e+001    1.80460642875221e+001
-1.66384473385934e+001    1.81726145279676e+001
-1.66202626192598e+001    1.82991647684131e+001
-1.65991273535594e+001    1.82991647684131e+001
-1.65809426342258e+001    1.84257150088585e+001
-1.65597798576035e+001    1.84763351050367e+001
-1.65385620591375e+001    1.86281953935712e+001
-1.65204461171085e+001    1.86281953935712e+001
-1.64992008077207e+001    1.88306757782840e+001
-1.64779830092547e+001    1.89825360668185e+001
-1.64598395563039e+001    1.90331561629967e+001
-1.64387042906034e+001    1.90331561629967e+001
-1.64205333267307e+001    1.91343963553531e+001
-1.63993292837256e+001    1.92609465957985e+001
-1.63781389961815e+001    1.93621867881549e+001
-1.63600230541525e+001    1.93621867881549e+001
-1.63387915002256e+001    1.95393571247785e+001
-1.63205517590483e+001    1.97671475575804e+001
-1.62994164933479e+001    1.97671475575804e+001
-1.62781299175773e+001    2.00455580865604e+001
-1.62598764209391e+001    2.02986585674513e+001
-1.62416504352228e+001    2.05011389521640e+001
-1.62205151695223e+001    2.05011389521640e+001
-1.62022341619623e+001    2.08048595292331e+001
-1.61809613416526e+001    2.10579600101240e+001
-1.61597710541085e+001    2.11592002024804e+001
-1.61416551120795e+001    2.11592002024804e+001
-1.61205886236836e+001    2.10326499620349e+001
-1.61026515026466e+001    2.07036193368767e+001
-1.60816125251725e+001    2.05264490002531e+001
-1.60575817349488e+001    2.02986585674513e+001
-1.60396171029899e+001    2.00202480384713e+001
-1.60187019246641e+001    1.96152872690458e+001
-1.59976629471900e+001    1.94381169324222e+001
-1.59796432933875e+001    1.92609465957985e+001
-1.59587006041398e+001    1.89066059225513e+001
-1.59406809503373e+001    1.87294355859276e+001
-1.59195456846368e+001    1.87294355859276e+001
-1.58984929517018e+001    1.85775752973931e+001
-1.58803770096728e+001    1.85775752973931e+001
-1.58592830103551e+001    1.85016451531258e+001
-1.58381477446546e+001    1.85016451531258e+001
-1.58200455580866e+001    1.84763351050367e+001
-1.57989102923861e+001    1.84763351050367e+001
-1.57808081058180e+001    1.84510250569476e+001
-1.57596728401175e+001    1.84510250569476e+001
-1.57385788407998e+001    1.83750949126803e+001
-1.57206004533800e+001    1.81219944317894e+001
-1.56996302532105e+001    1.78182738547203e+001
-1.56784949875100e+001    1.78182738547203e+001
-1.56605303555512e+001    1.75398633257403e+001
-1.56396014217644e+001    1.71602126044039e+001
-1.56214854797355e+001    1.71602126044039e+001
-1.56006253232533e+001    1.66540116426221e+001
-1.55795863457793e+001    1.64768413059985e+001
-1.55616354692813e+001    1.61731207289294e+001
-1.55405002035808e+001    1.61731207289294e+001
-1.55193649378803e+001    1.61731207289294e+001
-1.55012489958514e+001    1.61731207289294e+001
-1.54800311973854e+001    1.63249810174639e+001
-1.54619152553564e+001    1.63249810174639e+001
-1.54407387232731e+001    1.64009111617312e+001
-1.54195621911899e+001    1.64768413059985e+001
-1.54013499609345e+001    1.66540116426221e+001
-1.53802146952340e+001    1.66540116426221e+001
-1.53589556303853e+001    1.68818020754239e+001
-1.53405783345988e+001    1.73626929891167e+001
-1.53190441605317e+001    1.80966843837003e+001
-1.53009282185027e+001    1.80966843837003e+001
-1.52792977562092e+001    1.90078461149076e+001
-1.52576948048375e+001    1.98683877499367e+001
-1.52395788628085e+001    1.98683877499367e+001
-1.52208989468819e+001    2.09060997215895e+001
-1.51991309299792e+001    2.20703619336877e+001
-1.51807261232709e+001    2.26018729435586e+001
-1.51595908575705e+001    2.26018729435586e+001
-1.51412823390886e+001    2.29562136168059e+001
-1.51202846279973e+001    2.27031131359150e+001
-1.50994657378979e+001    2.21209820298659e+001
-1.50813497958690e+001    2.21209820298659e+001
-1.50606271939960e+001    2.13616805871931e+001
-1.50399458585058e+001    2.05264490002531e+001
-1.50188931255709e+001    2.03745887117186e+001
-1.49979917027060e+001    1.99443178942040e+001
-1.49803021799654e+001    1.91597064034422e+001
-1.49593457352569e+001    1.88306757782840e+001
-1.49384168014702e+001    1.84510250569476e+001
-1.49203008594412e+001    1.84510250569476e+001
-1.48993581701936e+001    1.80966843837003e+001
-1.48783604591023e+001    1.78435839028094e+001
-1.48602445170733e+001    1.78435839028094e+001
-1.48392880723647e+001    1.75145532776512e+001
-1.48213371958668e+001    1.72108327005821e+001
-1.48003257293145e+001    1.69830422677803e+001
-1.47791904636141e+001    1.69830422677803e+001
-1.47611983207333e+001    1.67552518349785e+001
-1.47401730987202e+001    1.65527714502658e+001
-1.47190240775588e+001    1.65780814983548e+001
-1.47009081355298e+001    1.65780814983548e+001
-1.46798691580557e+001    1.64009111617312e+001
-1.46618082378704e+001    1.62996709693748e+001
-1.46406867276309e+001    1.62743609212857e+001
-1.46195514619304e+001    1.62743609212857e+001
-1.46014905417451e+001    1.61731207289294e+001
-1.45803552760446e+001    1.61731207289294e+001
-1.45622393340156e+001    1.61731207289294e+001
-1.45409390027841e+001    1.64768413059985e+001
-1.45195974051699e+001    1.68564920273349e+001
-1.45010550438524e+001    1.76411035180967e+001
-1.44799197781519e+001    1.76411035180967e+001
-1.44583993595457e+001    1.83497848645912e+001
-1.44398432427674e+001    1.91597064034422e+001
-1.44182678023175e+001    1.99696279422931e+001
-1.44205030647167e+001    2.14123006833713e+001
-1.44001518602885e+001    1.99696279422931e+001
-1.44023871226877e+001    2.14123006833713e+001
-1.43815957435102e+001    2.07795494811440e+001
-1.43602266349741e+001    2.12098202986586e+001
-1.43421106929451e+001    2.12098202986586e+001
-1.43209066499400e+001    2.13363705391040e+001
-1.42997988951614e+001    2.12857504429258e+001
-1.42817379749761e+001    2.11845102505695e+001
-1.42606027092756e+001    2.11845102505695e+001
-1.42425280336294e+001    2.11085801063022e+001
-1.42214615452335e+001    2.09820298658567e+001
-1.42003400349939e+001    2.09567198177677e+001
-1.41822240929649e+001    2.09567198177677e+001
-1.41610475608817e+001    2.10326499620349e+001
-1.41397609851111e+001    2.13110604910149e+001
-1.41214799775511e+001    2.16147810680840e+001
-1.41003447118506e+001    2.16147810680840e+001
-1.40819399051423e+001    2.21462920779550e+001
-1.40605157747626e+001    2.26778030878259e+001
-1.40390228670782e+001    2.33358643381422e+001
-1.40209069250492e+001    2.33358643381422e+001
-1.39995515719741e+001    2.37408251075677e+001
-1.39781824634380e+001    2.41710959250823e+001
-1.39600665214090e+001    2.41710959250823e+001
-1.39389862775522e+001    2.40698557327259e+001
-1.39211454447416e+001    2.35636547709441e+001
-1.39004228428686e+001    2.28043533282713e+001
-1.38792875771681e+001    2.28043533282713e+001
-1.38616118098885e+001    2.19944317894204e+001
-1.38410817844684e+001    2.08807896735004e+001
-1.38203041607518e+001    2.02227284231840e+001
-1.37991551395904e+001    2.02480384712731e+001
-1.37783637604129e+001    1.96152872690458e+001
-1.37605504385241e+001    1.90584662110858e+001
-1.37396627711201e+001    1.86028853454822e+001
-1.37185275054197e+001    1.86028853454822e+001
-1.37005628734608e+001    1.83244748165022e+001
-1.36794826296040e+001    1.82232346241458e+001
-1.36583748748253e+001    1.81726145279676e+001
-1.36402589327963e+001    1.81726145279676e+001
-1.36192199553223e+001    1.79954441913440e+001
-1.36011590351369e+001    1.78942039989876e+001
-1.35802713677330e+001    1.74386231333840e+001
-1.35591361020325e+001    1.74386231333840e+001
-1.35411852255345e+001    1.71349025563149e+001
-1.35209440647937e+001    1.54897494305239e+001
-1.35202425362869e+001    1.67805618830676e+001
-1.35001389301553e+001    1.48823082763857e+001
-1.34994236461875e+001    1.61984307770185e+001
-1.34820367435872e+001    1.48569982282966e+001
-1.34813077041586e+001    1.61984307770185e+001
-1.34607226568948e+001    1.51860288534548e+001
-1.34400413214046e+001    1.43507972665148e+001
-1.34191261430788e+001    1.39458364970893e+001
-1.33981421874484e+001    1.36674259681093e+001
-1.33802325773332e+001    1.32877752467730e+001
-1.33590010234063e+001    1.34649455833966e+001
-1.33378107358621e+001    1.35661857757530e+001
-1.33191308199355e+001    1.46038977474057e+001
-1.33003408603215e+001    1.58440901037712e+001
-1.32810969704973e+001    1.79195140470767e+001
-1.32599204384140e+001    1.79954441913440e+001
-1.32376022030746e+001    2.01721083270058e+001
-1.32212813486954e+001    2.24247026069350e+001
-1.31999672620030e+001    2.27537332320931e+001
-1.31779241358819e+001    2.44241964059732e+001
-1.31591066653461e+001    2.57150088585168e+001
-1.31401103738184e+001    2.73348519362187e+001
-1.31219944317894e+001    2.73348519362187e+001
-1.31002814367304e+001    2.83978739559605e+001
-1.30785684416713e+001    2.94608959757024e+001
-1.30604524996424e+001    2.94608959757024e+001
-1.30387670155052e+001    3.04732978992660e+001
-1.30202521651096e+001    3.12072892938497e+001
-1.30016822928703e+001    3.20425208807897e+001
-1.29805470271698e+001    3.20425208807897e+001
-1.29614819583375e+001    3.37889141989370e+001
-1.29395351204428e+001    3.52822070361934e+001
-1.29178358808447e+001    3.63199190078461e+001
-1.29022165549723e+001    3.72817008352316e+001
-1.28797332541019e+001    3.97620855479625e+001
-1.28589006085416e+001    3.92052644900025e+001
-1.28608057398787e+001    4.12553783852189e+001
-1.28593339055605e+001    4.39635535307517e+001
-1.28407846665126e+001    3.92052644900025e+001
-1.28396567187173e+001    4.12806884333080e+001
-1.28412179635315e+001    4.39635535307517e+001
-1.28183563874858e+001    4.15844090103771e+001
-1.28198350995345e+001    4.44191343963554e+001
-1.28181156669198e+001    4.75828904074918e+001
-1.28006049651712e+001    4.64692482915718e+001
-1.27794696994707e+001    4.64692482915718e+001
-1.27590909841207e+001    4.50771956466717e+001
-1.27576466607243e+001    4.77347506960263e+001
-1.27398058279137e+001    4.72285497342445e+001
-1.27197022217820e+001    4.53302961275626e+001
-1.26982024363672e+001    4.04454568463680e+001
-1.26985669560816e+001    4.53302961275626e+001
-1.26817577828398e+001    4.29258415590990e+001
-1.26800521056860e+001    4.60642875221463e+001
-1.26587448967240e+001    4.08251075677044e+001
-1.26596871457969e+001    4.46469248291572e+001
-1.26406358324255e+001    3.52568969881043e+001
-1.26417844134121e+001    3.86990635282207e+001
-1.26213781871403e+001    3.73576309794989e+001
-1.26010132272512e+001    3.59402682865097e+001
-1.25809783984242e+001    3.39154644393824e+001
-1.25818793811143e+001    3.78132118451025e+001
-1.25605859276133e+001    3.25487218425715e+001
-1.25402897450288e+001    3.10048089091369e+001
-1.25191544793283e+001    3.10048089091369e+001
-1.24984456329163e+001    3.02201974183751e+001
-1.24807423547148e+001    2.94608959757024e+001
-1.24599509755373e+001    2.88281447734751e+001
-1.24388157098368e+001    2.88281447734751e+001
-1.24211812089399e+001    2.79422930903569e+001
-1.24006236725980e+001    2.68792710706150e+001
-1.23800386253343e+001    2.58668691470514e+001
-1.23588896041729e+001    2.58921791951405e+001
-1.23403128542031e+001    2.11845102505695e+001
-1.23386621988930e+001    2.42217160212604e+001
-1.23214816282064e+001    2.25006327512022e+001
-1.23011992010828e+001    2.09314097696786e+001
-1.22800639353823e+001    2.09314097696786e+001
-1.22599740847116e+001    1.90078461149076e+001
-1.22400355441110e+001    1.68058719311567e+001
-1.22199319379794e+001    1.49076183244748e+001
-1.22018159959504e+001    1.49076183244748e+001
-1.21783904460071e+001    1.35661857757530e+001
-1.21607972114930e+001    1.26044039483675e+001
-1.21400883650809e+001    1.18197924576057e+001
-1.21189530993805e+001    1.18197924576057e+001
-1.21007683800469e+001    1.19463426980511e+001
-1.20795505815809e+001    1.20982029865857e+001
-1.20612970849427e+001    1.23513034674766e+001
-1.20401618192422e+001    1.23513034674766e+001
-1.20188477325498e+001    1.26803340926348e+001
-1.20005667249898e+001    1.29840546697039e+001
-1.19793351710629e+001    1.31612250063275e+001
-1.19581999053624e+001    1.31612250063275e+001
-1.19399051423415e+001    1.34902556314857e+001
-1.19186048111100e+001    1.37939762085548e+001
-1.19004888690810e+001    1.37939762085548e+001
-1.18792298042323e+001    1.40217666413566e+001
-1.18579844948445e+001    1.42242470260694e+001
-1.18397172427454e+001    1.45026575550494e+001
-1.18185819770449e+001    1.45026575550494e+001
-1.18002872140240e+001    1.48316881802075e+001
-1.17817723636284e+001    1.55656795747912e+001
-1.17799566427872e+001    1.89066059225513e+001
-1.17595091501326e+001    1.76411035180967e+001
-1.17413932081036e+001    1.76411035180967e+001
-1.17425142781684e+001    2.11338901543913e+001
-1.17213102351634e+001    2.12604403948367e+001
-1.16983111045085e+001    1.91343963553531e+001
-1.17004638341422e+001    2.07289293849658e+001
-1.16977264974195e+001    2.57656289546950e+001
-1.16801951624795e+001    1.91343963553531e+001
-1.16823478921132e+001    2.07289293849658e+001
-1.16796105553905e+001    2.57656289546950e+001
-1.16593212505365e+001    2.97646165527715e+001
-1.16388668801514e+001    3.40673247279170e+001
-1.16207509381224e+001    3.40673247279170e+001
-1.15983570477480e+001    3.08276385725133e+001
-1.16003653450420e+001    3.82434826626171e+001
-1.16005372883035e+001    4.34826626170590e+001
-1.15802135947971e+001    4.19893697798026e+001
-1.15590783290967e+001    4.19893697798026e+001
-1.15383694826846e+001    4.12047582890407e+001
-1.15393529981403e+001    4.49506454062263e+001
-1.15401852035258e+001    4.89749430523918e+001
-1.15220211173836e+001    4.35079726651481e+001
-1.15215259207906e+001    4.44191343963554e+001
-1.15198890209413e+001    4.74310301189572e+001
-1.15210788683107e+001    5.07972665148064e+001
-1.14982998250305e+001    4.82662617058972e+001
-1.14999436026102e+001    5.07972665148064e+001
-1.14798537519395e+001    4.88737028600354e+001
-1.14813049530664e+001    5.17590483421918e+001
-1.14601834428268e+001    5.17337382941028e+001
-1.14396809283285e+001    5.05694760820046e+001
-1.14393095308838e+001    5.12528473804100e+001
-1.14378239411046e+001    5.39863325740319e+001
-1.14215649862996e+001    5.05694760820046e+001
-1.14211935888548e+001    5.12528473804100e+001
-1.14197079990756e+001    5.39863325740319e+001
-1.14004503537905e+001    5.60870665654265e+001
-1.13988684757849e+001    5.89977220956720e+001
-1.13781733848338e+001    5.81878005568211e+001
-1.13600574428048e+001    5.81878005568211e+001
-1.13395961946893e+001    5.69476082004556e+001
-1.13381793822147e+001    5.95545431536320e+001
-1.13191005579215e+001    6.13262465198684e+001
-1.12998979344800e+001    6.33257403189066e+001
-1.12787626687795e+001    6.33257403189066e+001
-1.12608943250470e+001    6.28701594533030e+001
-1.12598351545564e+001    6.48190331561630e+001
-1.12616852640498e+001    6.69703872437358e+001
-1.12408113521068e+001    6.64894963300430e+001
-1.12194559990316e+001    6.68944570994685e+001
-1.12010511923234e+001    6.74259681093394e+001
-1.11791731317333e+001    6.87927107061503e+001
-1.11609333905561e+001    6.90205011389522e+001
-1.11397981248556e+001    6.90205011389522e+001
-1.11186353482332e+001    6.90711212351303e+001
-1.11007394935790e+001    6.86661604657049e+001
-1.10798380707141e+001    6.82358896481903e+001
-1.10587028050136e+001    6.82358896481903e+001
-1.10407931948984e+001    6.78562389268540e+001
-1.10198917720335e+001    6.74259681093394e+001
-1.09989628382468e+001    6.70463173880030e+001
-1.09809569399051e+001    6.68438370032903e+001
-1.09603581371805e+001    6.58567451278157e+001
-1.09408735267901e+001    6.28195393571248e+001
-1.09396630462294e+001    6.50468235889648e+001
-1.09191055098874e+001    6.39838015692230e+001
-1.08982178424835e+001    6.35282207036193e+001
-1.08808722062659e+001    6.21108580106302e+001
-1.08608098665170e+001    6.01366742596811e+001
-1.08594480758861e+001    6.26423690205011e+001
-1.08405962166980e+001    5.84409010377120e+001
-1.08413321338571e+001    6.26423690205011e+001
-1.08194471955366e+001    5.84662110858011e+001
-1.07990409692648e+001    5.71247785370792e+001
-1.07816540666645e+001    5.57833459883574e+001
-1.07613991504627e+001    5.41635029106555e+001
-1.07402638847623e+001    5.41635029106555e+001
-1.07218522003235e+001    4.91521133890154e+001
-1.07202840777789e+001    5.20374588711719e+001
-1.07001254498036e+001    5.02404454568464e+001
-1.06800218436719e+001    4.83421918501645e+001
-1.06784399656664e+001    5.12528473804100e+001
-1.06588865779715e+001    4.83421918501645e+001
-1.06603240236374e+001    5.12528473804100e+001
-1.06387967273007e+001    4.64186281953936e+001
-1.06218499994498e+001    4.42672741078208e+001
-1.06205294752017e+001    4.66970387243736e+001
-1.06014712840998e+001    4.28752214629208e+001
-1.05781282669220e+001    4.13819286256644e+001
-1.05798820881890e+001    4.37104530498608e+001
-1.05600123248930e+001    4.13819286256644e+001
-1.05396611204648e+001    3.99392558845862e+001
-1.05191448505057e+001    3.88003037205771e+001
-1.04991650435223e+001    3.66742596810934e+001
-1.05010289084767e+001    3.88003037205771e+001
-1.04806914595094e+001    3.73323209314098e+001
-1.04601064122457e+001    3.63199190078461e+001
-1.04397552078175e+001    3.48772462667679e+001
-1.04193214706238e+001    3.35864338142243e+001
-1.04012055285949e+001    3.35864338142243e+001
-1.03807855468621e+001    3.22703113135915e+001
-1.03604205869730e+001    3.08529486206024e+001
-1.03403857581460e+001    2.88281447734751e+001
-1.03415756055154e+001    3.21943811693242e+001
-1.03192504924455e+001    2.88281447734751e+001
-1.03020699217589e+001    2.71070615034169e+001
-1.02789469919558e+001    2.52088078967350e+001
-1.02590909841207e+001    2.28549734244495e+001
-1.02575641279588e+001    2.56643887623386e+001
-1.02409750420917e+001    2.28549734244495e+001
-1.02394481859298e+001    2.56643887623386e+001
-1.02206651040463e+001    2.13363705391040e+001
-1.02003551660009e+001    1.98177676537585e+001
-1.01796738305107e+001    1.89825360668185e+001
-1.01585385648102e+001    1.89825360668185e+001
-1.01407802647651e+001    1.83244748165022e+001
-1.01198788419002e+001    1.78942039989876e+001
-1.00988948862699e+001    1.76157934700076e+001
-1.00807789442409e+001    1.76157934700076e+001
-1.00598224995323e+001    1.72867628448494e+001
-1.00389073212065e+001    1.68818020754239e+001
-1.00208051346385e+001    1.68564920273349e+001
-9.99966986893797e+000    1.68564920273349e+001
-9.98132008407338e+000    1.72867628448494e+001
-9.95968962177985e+000    1.81979245760567e+001
-9.93826549140009e+000    1.87294355859276e+001
-9.91972313008264e+000    1.95140470766894e+001
-9.89879419629593e+000    1.91343963553531e+001
-9.90076810493766e+000    2.10579600101240e+001
-9.87893131073036e+000    2.23487724626677e+001
-9.86081536870137e+000    2.23487724626677e+001
-9.83873097619755e+000    2.40951657808150e+001
-9.81955586367788e+000    2.60440394836750e+001
-9.80104101328227e+000    2.67780308782587e+001
-9.77857146787274e+000    2.92331055429005e+001
-9.76132899761205e+000    3.31814730447988e+001
-9.73857746525371e+000    3.05998481397115e+001
-9.73873565305426e+000    3.58643381422425e+001
-9.72046152322472e+000    3.05998481397115e+001
-9.71927167585531e+000    3.83447228549734e+001
-9.70072243680741e+000    4.46975449253354e+001
-9.67847297877257e+000    4.67476588205518e+001
-9.66078345603204e+000    4.59630473297899e+001
-9.66015758256028e+000    5.26702100733991e+001
-9.63886412905924e+000    4.74057200708681e+001
-9.64056980621307e+000    5.53783852189319e+001
-9.62012231355848e+000    5.41128828144773e+001
-9.61915943129423e+000    5.58845861807137e+001
-9.62033552320271e+000    5.92761326246520e+001
-9.60200637152950e+000    5.41128828144773e+001
-9.60104348926524e+000    5.58845861807137e+001
-9.60162809635425e+000    6.03644646924829e+001
-9.57928235009299e+000    6.25917489243230e+001
-9.57789304854027e+000    6.51480637813212e+001
-9.56013474849515e+000    6.44900025310048e+001
-9.53880690634182e+000    6.48443432042521e+001
-9.52004445764969e+000    6.60339154644394e+001
-9.50119947619205e+000    6.73753480131612e+001
-9.48006421049157e+000    6.73753480131612e+001
-9.46141180548678e+000    6.83624398886358e+001
-9.43935492390479e+000    7.00582131106049e+001
-9.42055120882991e+000    7.13237155150595e+001
-9.40243526680092e+000    7.13237155150595e+001
-9.38062598351546e+000    7.25639078714250e+001
-9.35993089256435e+000    7.17539863325740e+001
-9.35870665654265e+000    7.40065806125032e+001
-9.35745490959911e+000    7.63097949886105e+001
-9.34181495053536e+000    7.17539863325740e+001
-9.34059071451366e+000    7.40065806125032e+001
-9.33933896757013e+000    7.63097949886105e+001
-9.31858885477535e+000    7.56011136421159e+001
-9.29935872041200e+000    7.76512275373323e+001
-9.28051373895437e+000    7.89926600860542e+001
-9.27912443740165e+000    8.15489749430524e+001
-9.25937847325388e+000    7.89926600860542e+001
-9.25798917170117e+000    8.15489749430524e+001
-9.24034091534339e+000    8.06884333080233e+001
-9.21860040936252e+000    8.18020754239433e+001
-9.19735509997469e+000    8.20045558086560e+001
-9.17921164702387e+000    8.20551759048342e+001
-9.15824144685440e+000    8.17514553277651e+001
-9.14081327787131e+000    8.04859529233105e+001
-9.11966425670991e+000    8.05112629713996e+001
-9.09936807412543e+000    7.89673500379651e+001
-9.09821261540832e+000    8.10933940774488e+001
-9.08182986145500e+000    7.79043280182232e+001
-9.06138236880041e+000    7.66388256137687e+001
-9.03746162226404e+000    7.62085547962541e+001
-9.01975834406259e+000    7.54492533535814e+001
-8.99900823126781e+000    7.47405720070868e+001
-8.98130495306637e+000    7.39812705644141e+001
-8.96016968736588e+000    7.39812705644141e+001
-8.93933704180560e+000    7.34244495064541e+001
-8.92148245353405e+000    7.29435585927613e+001
-8.90070482981744e+000    7.22854973424450e+001
-8.87956956411695e+000    7.22854973424450e+001
-8.86167370946266e+000    7.18805365730195e+001
-8.84082730844145e+000    7.13490255631486e+001
-8.82033854940411e+000    7.01594533029613e+001
-8.79920328370363e+000    7.01594533029613e+001
-8.77881081289272e+000    6.87927107061503e+001
-8.76191910688543e+000    6.65401164262212e+001
-8.73904377537882e+000    6.41862819539357e+001
-8.71812171932257e+000    5.82384206529992e+001
-8.71914650116096e+000    6.19083776259175e+001
-8.72000621746833e+000    6.58820551759048e+001
-8.70000577729359e+000    5.82384206529992e+001
-8.70103055913198e+000    6.19083776259175e+001
-8.67826527131271e+000    5.93520627689193e+001
-8.66151111991461e+000    5.68463680080992e+001
-8.64140751378297e+000    5.49481144014174e+001
-8.62027224808249e+000    5.49481144014174e+001
-8.59976973358423e+000    5.37838521893192e+001
-8.57893708802395e+000    5.32270311313591e+001
-8.55778806686254e+000    5.32523411794482e+001
-8.53967212483356e+000    5.32523411794482e+001
-8.51831677175839e+000    5.36573019488737e+001
-8.50000825327655e+000    5.40116426221210e+001
-8.48183728940389e+000    5.41128828144773e+001
-8.46059198001607e+000    5.43153631991901e+001
-8.44253105983075e+000    5.42141230068337e+001
-8.41913989853972e+000    4.72538597823336e+001
-8.41857592464208e+000    4.82915717539863e+001
-8.41947690733221e+000    5.21893191597064e+001
-8.39758509128124e+000    4.24702606934953e+001
-8.39995103055913e+000    4.92280435332827e+001
-8.40002668559418e+000    5.46443938243483e+001
-8.37946914925225e+000    4.24702606934953e+001
-8.38183508853015e+000    4.92280435332827e+001
-8.36073421148196e+000    4.36092128575044e+001
-8.36024589261937e+000    5.00632751202227e+001
-8.35898039021492e+000    5.23917995444191e+001
-8.33919315968440e+000    3.88003037205771e+001
-8.33906248280567e+000    4.45963047329790e+001
-8.32060265425374e+000    3.41179448240952e+001
-8.32000429170381e+000    4.07744874715262e+001
-8.29944675536188e+000    2.86003543406732e+001
-8.30053343677440e+000    3.77119716527461e+001
-8.29886902600332e+000    4.07744874715262e+001
-8.28003780000660e+000    1.98683877499367e+001
-8.28133081333289e+000    2.86003543406732e+001
-8.25911574395035e+000    2.50316375601114e+001
-8.23798735598032e+000    1.94634269805113e+001
-8.24013320788353e+000    2.66261705897241e+001
-8.22150831380058e+000    1.64515312579094e+001
-8.22223047549877e+000    2.06783092887876e+001
-8.19831660669286e+000    1.46798278916730e+001
-8.20108145433737e+000    2.07036193368767e+001
-8.18021442012479e+000    1.46545178435839e+001
-8.15946430733001e+000    1.39458364970893e+001
-8.13837030801228e+000    1.38699063528221e+001
-8.12032314328789e+000    1.37433561123766e+001
-8.09918787758740e+000    1.37433561123766e+001
-8.07809387826967e+000    1.36674259681093e+001
-8.06003295808436e+000    1.35661857757530e+001
-8.03891144784479e+000    1.35408757276639e+001
-8.01777618214431e+000    1.35408757276639e+001
-7.99963272919349e+000    1.35914958238421e+001
-7.97845619711025e+000    1.36674259681093e+001
-7.96034025508127e+000    1.36674259681093e+001
-7.93908119023252e+000    1.38952164009112e+001
-7.91789090268837e+000    1.39964565932675e+001
-7.89970618335479e+000    1.41230068337130e+001
-7.87857091765431e+000    1.41230068337130e+001
-7.86035868739890e+000    1.43001771703366e+001
-7.84189885884696e+000    1.49329283725639e+001
-7.84118357487923e+000    1.62490508731967e+001
-7.81999328733507e+000    1.63502910655530e+001
-7.80187734530609e+000    1.63502910655530e+001
-7.77966915365400e+000    1.83244748165022e+001
-7.76024644283781e+000    2.07289293849658e+001
-7.75816936823919e+000    2.45507466464186e+001
-7.74213050080882e+000    2.07289293849658e+001
-7.74005342621020e+000    2.45507466464186e+001
-7.71935833525910e+000    2.37408251075677e+001
-7.69849817877697e+000    2.32346241457859e+001
-7.69996313536474e+000    2.60946595798532e+001
-7.69799610445347e+000    2.97139964565933e+001
-7.68144828496913e+000    2.68286509744369e+001
-7.67988016242448e+000    2.97139964565933e+001
-7.65954271345724e+000    2.82460136674260e+001
-7.64029882363298e+000    3.03214376107315e+001
-7.61853080673027e+000    3.14856998228297e+001
-7.60041486470129e+000    3.14856998228297e+001
-7.58209259075853e+000    3.18653505441660e+001
-7.56095732505805e+000    3.18653505441660e+001
-7.53980830389665e+000    3.18906605922551e+001
-7.52170611732858e+000    3.18653505441660e+001
-7.50062587347177e+000    3.17641103518097e+001
-7.48250993144278e+000    3.17641103518097e+001
-7.46137466574230e+000    3.17641103518097e+001
-7.44007433451080e+000    3.20678309288788e+001
-7.42117433120949e+000    3.35105036699570e+001
-7.41966123050851e+000    3.62946089597570e+001
-7.41927607760281e+000    3.70032903062516e+001
-7.42173142737667e+000    3.80410022779043e+001
-7.39845718750344e+000    3.64211592002025e+001
-7.39873917445226e+000    4.14578587699317e+001
-7.38035500093537e+000    3.63958491521134e+001
-7.38062323242327e+000    4.14578587699317e+001
-7.36087039054505e+000    3.33586433814224e+001
-7.36029953891695e+000    3.99645659326753e+001
-7.33884789761535e+000    4.05466970387244e+001
-7.33929495009519e+000    4.52796760313845e+001
-7.32073195558637e+000    4.05466970387244e+001
-7.32117900806620e+000    4.52796760313845e+001
-7.30086219229034e+000    4.93292837256391e+001
-7.28096491807247e+000    4.70513793976209e+001
-7.28057288743631e+000    5.33282713237155e+001
-7.28066229793228e+000    5.87193115666920e+001
-7.25942386627491e+000    5.33535813718046e+001
-7.25952703223180e+000    5.87193115666920e+001
-7.23924460510823e+000    5.71500885851683e+001
-7.23885257447207e+000    6.34269805112630e+001
-7.21896217798466e+000    5.55808656036446e+001
-7.21877647926227e+000    6.14781068084029e+001
-7.21930606450761e+000    6.60592255125285e+001
-7.20006905241381e+000    6.25664388762339e+001
-7.20119012247863e+000    6.60592255125285e+001
-7.17750321877786e+000    6.51986838774994e+001
-7.17807407040595e+000    6.97038724373576e+001
-7.16041205858726e+000    6.88686408504176e+001
-7.13863028622363e+000    7.00582131106049e+001
-7.11968901653957e+000    7.15768159959504e+001
-7.12063126561245e+000    7.53986332574032e+001
-7.10184818372894e+000    7.10706150341686e+001
-7.09939971168554e+000    7.55758035940268e+001
-7.07836073421148e+000    7.53986332574032e+001
-7.07945429335446e+000    7.89420399898760e+001
-7.06024479218250e+000    7.53986332574032e+001
-7.06124206309905e+000    7.91192103264996e+001
-7.03897884960329e+000    8.11946342698051e+001
-7.01992753623188e+000    8.29157175398633e+001
-7.00181159420290e+000    8.29157175398633e+001
-6.98024990921396e+000    8.37003290306252e+001
-6.96181759158386e+000    8.42824601366743e+001
-6.94046223850869e+000    8.46874209060997e+001
-6.91932697280821e+000    8.46874209060997e+001
-6.90097718794361e+000    8.51176917236143e+001
-6.87967685671211e+000    8.54214123006834e+001
-6.85828023725419e+000    8.59023032143761e+001
-6.84016429522520e+000    8.59023032143761e+001
-6.81879518668912e+000    8.63325740318907e+001
-6.80033535813718e+000    8.69653252341179e+001
-6.77920009243670e+000    8.69653252341179e+001
-6.75777596205694e+000    8.74968362439889e+001
-6.74230794625466e+000    8.81802075423943e+001
-6.72092508225766e+000    8.86357884079980e+001
-6.69978981655717e+000    8.86357884079980e+001
-6.68144003169258e+000    8.90660592255125e+001
-6.66040105421852e+000    8.88888888888889e+001
-6.63959591958007e+000    8.82814477347507e+001
-6.62161753216027e+000    8.80283472538598e+001
-6.59806818306868e+000    8.69147051379398e+001
-6.58077756869477e+000    8.53961022525943e+001
-6.56034383150111e+000    8.41052898000506e+001
-6.53920856580062e+000    8.41052898000506e+001
-6.52189044050488e+000    8.26373070108833e+001
-6.49847864602247e+000    8.12705644140724e+001
-6.48120178710948e+000    7.97266514806378e+001
-6.46006652140900e+000    7.97266514806378e+001
-6.43944020776248e+000    7.87901797013414e+001
-6.42172317410012e+000    7.80561883067578e+001
-6.40083550669616e+000    7.76006074411541e+001
-6.37970024099567e+000    7.76006074411541e+001
-6.36179063088046e+000    7.72209567198178e+001
-6.34082043071099e+000    7.69172361427487e+001
-6.31993276330703e+000    7.64616552771450e+001
-6.30181682127805e+000    7.64616552771450e+001
-6.27786856381984e+000    7.60820045558087e+001
-6.26005524193105e+000    7.55251834978486e+001
-6.23927761821443e+000    7.48671222475323e+001
-6.21814235251395e+000    7.48671222475323e+001
-6.20049409615617e+000    7.40065806125032e+001
-6.17981276066598e+000    7.31713490255631e+001
-6.15994299736996e+000    7.08428246013667e+001
-6.16193066147260e+000    7.27410782080486e+001
-6.13880773166947e+000    7.08428246013667e+001
-6.14105674952956e+000    7.22601872943559e+001
-6.12037541403937e+000    7.14249557074158e+001
-6.10067071627436e+000    6.87927107061503e+001
-6.09969407854918e+000    7.05897241204758e+001
-6.08052584375997e+000    6.69703872437358e+001
-6.07909527582450e+000    6.96026322450013e+001
-6.05939057805949e+000    6.69703872437358e+001
-6.05811132019412e+000    6.93242217160213e+001
-6.04073817305470e+000    6.79574791192103e+001
-6.02052452323572e+000    6.62617058972412e+001
-6.01914897714393e+000    6.87927107061503e+001
-5.99870836221980e+000    6.19589977220957e+001
-6.00032462887766e+000    6.45406226271830e+001
-5.99912790377780e+000    6.67425968109339e+001
-6.00158325355166e+000    6.77803087825867e+001
-6.00103303511494e+000    6.87927107061503e+001
-5.98059242019082e+000    6.19589977220957e+001
-5.97917560771626e+000    6.45659326752721e+001
-5.98101196174881e+000    6.67425968109339e+001
-5.95911326796738e+000    6.25917489243230e+001
-5.94180889813256e+000    6.10984560870666e+001
-5.91863094648575e+000    5.93014426727411e+001
-5.92045354505739e+000    6.15034168564920e+001
-5.89749568078527e+000    5.93014426727411e+001
-5.89931827935690e+000    6.15034168564920e+001
-5.88115419321471e+000    5.60364464692483e+001
-5.87986117988842e+000    5.84155909896229e+001
-5.87932471691261e+000    5.94026828650974e+001
-5.85868464780518e+000    4.73804100227790e+001
-5.85820320667305e+000    4.82662617058972e+001
-5.86071357829058e+000    4.92027334851936e+001
-5.85847143816095e+000    5.33282713237155e+001
-5.85923486624190e+000    5.74791192103265e+001
-5.83948890209413e+000    4.38116932422172e+001
-5.83892492819649e+000    4.48494052138699e+001
-5.83887678408328e+000    5.04935459377373e+001
-5.83925505925853e+000    5.53530751708428e+001
-5.83900746096200e+000    5.58086560364465e+001
-5.81940592915387e+000    4.74310301189572e+001
-5.82113911722954e+000    5.53530751708428e+001
-5.82089151893302e+000    5.58086560364465e+001
-5.79964620954519e+000    3.37889141989370e+001
-5.79926105663949e+000    3.44975955454315e+001
-5.79820188614880e+000    3.64464692482916e+001
-5.79967372046703e+000    4.48494052138699e+001
-5.79908911337801e+000    5.14806378132119e+001
-5.79871771593323e+000    5.21640091116173e+001
-5.78153026751620e+000    3.37889141989370e+001
-5.78114511461050e+000    3.44975955454315e+001
-5.78100068227086e+000    4.03189066059226e+001
-5.78084249447031e+000    4.61655277145027e+001
-5.75927393175091e+000    3.02961275626424e+001
-5.76145417230641e+000    3.18400404960769e+001
-5.75904696664576e+000    3.62692989116679e+001
-5.75850362593950e+000    4.28246013667426e+001
-5.73795984505849e+000    3.06251581878006e+001
-5.73817305470272e+000    3.57884079979752e+001
-5.73777414633610e+000    3.65223993925588e+001
-5.72011901224786e+000    1.90078461149076e+001
-5.71967883749849e+000    1.98177676537585e+001
-5.71943123920196e+000    2.02733485193622e+001
-5.72220296457694e+000    2.07289293849658e+001
-5.72104062812937e+000    2.84231840040496e+001
-5.72005711267373e+000    3.57884079979752e+001
-5.71965820430711e+000    3.65223993925588e+001
-5.69885994739912e+000    1.92356365477094e+001
-5.70106769887645e+000    2.07289293849658e+001
-5.70068942370121e+000    2.69805112629714e+001
-5.67920339374732e+000    2.20703619336877e+001
-5.67886638495483e+000    2.82460136674260e+001
-5.67824738921352e+000    2.93849658314351e+001
-5.65987009342709e+000    1.87547456340167e+001
-5.64035797211493e+000    1.57681599595039e+001
-5.62262718299165e+000    1.50594786130094e+001
-5.59931167673566e+000    1.35155656795748e+001
-5.60088667701077e+000    1.61731207289294e+001
-5.58029475201655e+000    9.61781827385472e+000
-5.57893296138567e+000    1.21235130346748e+001
-5.56193121169104e+000    1.00733991394584e+001
-5.53880828188791e+000    8.17514553277651e+000
-5.54032826031935e+000    1.09339407744875e+001
-5.51767301618743e+000    8.17514553277651e+000
-5.51919299461886e+000    1.09339407744875e+001
-5.50029986904801e+000    6.80840293596558e+000
-5.47964604447966e+000    5.92255125284738e+000
-5.46206656542647e+000    4.93545937737282e+000
-5.46140630330241e+000    6.15034168564920e+000
-5.44093129972599e+000    4.93545937737282e+000
-5.44027103760193e+000    6.15034168564920e+000
-5.41990607771285e+000    4.73297899266009e+000
-5.40176262476203e+000    4.78359908883827e+000
-5.38057233721788e+000    4.88483928119463e+000
-5.35943707151739e+000    4.88483928119463e+000
-5.34127986310565e+000    4.96076942546191e+000
-5.32013084194425e+000    4.98607947355100e+000
-5.30201489991527e+000    4.98607947355100e+000
-5.28082461237111e+000    5.08731966590737e+000
-5.25948301475686e+000    5.46697038724374e+000
-5.24110571897043e+000    5.94786130093647e+000
-5.21997045326995e+000    5.94786130093647e+000
-5.19858758927294e+000    6.40344216654012e+000
-5.19773475069603e+000    7.97266514806378e+000
-5.18003147249458e+000    7.21336370539104e+000
-5.15853856481023e+000    7.87142495570742e+000
-5.14042262278124e+000    7.87142495570742e+000
-5.11898473694056e+000    8.42824601366743e+000
-5.10045613108404e+000    9.18754745634017e+000
-5.08214761260220e+000    9.54188812958745e+000
-5.06076474860520e+000    9.99746899519109e+000
-5.03896922078065e+000    1.12123513034675e+001
-5.01993166287016e+000    1.29081245254366e+001
-4.99879639716968e+000    1.29081245254366e+001
-4.97989639386837e+000    1.43507972665148e+001
-4.96085883595788e+000    1.60465704884839e+001
-4.93896701990690e+000    1.74386231333840e+001
-4.92085107787792e+000    1.74386231333840e+001
-4.89909681643613e+000    1.85775752973931e+001
-4.88041690050950e+000    1.96152872690458e+001
-4.85926787934810e+000    1.96405973171349e+001
-4.83769243889824e+000    2.04505188559858e+001
-4.82238948862698e+000    2.08301695773222e+001
-4.80110291285640e+000    2.11085801063022e+001
-4.77996764715592e+000    2.11085801063022e+001
-4.76172790597867e+000    2.13363705391040e+001
-4.74044133020809e+000    2.16147810680840e+001
-4.71923728720302e+000    2.17413313085295e+001
-4.70112134517403e+000    2.17413313085295e+001
-4.68004110131722e+000    2.16400911161731e+001
-4.66229655673302e+000    2.09567198177677e+001
-4.64139513386815e+000    2.05264490002531e+001
-4.62036991185501e+000    2.03239686155404e+001
-4.59993617466134e+000    1.90331561629967e+001
-4.57929610555390e+000    1.81219944317894e+001
-4.56118016352492e+000    1.81219944317894e+001
-4.54056760533932e+000    1.71602126044039e+001
-4.51987251438821e+000    1.63502910655530e+001
-4.50207294796034e+000    1.57681599595039e+001
-4.48096519318169e+000    1.57175398633257e+001
-4.45977490563754e+000    1.58187800556821e+001
-4.44131507708560e+000    1.64515312579094e+001
-4.41938199465188e+000    1.79195140470767e+001
-4.40126605262289e+000    1.79195140470767e+001
-4.37934672565008e+000    1.93621867881549e+001
-4.36058427695795e+000    2.05517590483422e+001
-4.34209693748418e+000    2.12351303467477e+001
-4.32049398611249e+000    2.20956719817768e+001
-4.29973011785679e+000    2.14123006833713e+001
-4.29851963729601e+000    2.36395849152113e+001
-4.27972967768204e+000    2.48797772715768e+001
-4.25859441198156e+000    2.48797772715768e+001
-4.24017584981238e+000    2.54365983295368e+001
-4.21871045304986e+000    2.60440394836750e+001
-4.20023686903701e+000    2.67021007339914e+001
-4.18212092700802e+000    2.67021007339914e+001
-4.16065553024551e+000    2.73095418881296e+001
-4.13927266624850e+000    2.77651227537332e+001
-4.12115672421952e+000    2.77651227537332e+001
-4.09949875100415e+000    2.87269045811187e+001
-4.08019983933622e+000    3.09035687167806e+001
-4.06125856965215e+000    3.24221716021260e+001
-4.04012330395167e+000    3.24221716021260e+001
-4.02034295115161e+000    3.54846874209061e+001
-4.00079644118715e+000    3.81169324221716e+001
-3.97950986541657e+000    3.83953429511516e+001
-3.96005964367854e+000    4.08504176157935e+001
-3.96101564821234e+000    4.46469248291572e+001
-3.93896564436081e+000    4.07744874715262e+001
-3.94014173626930e+000    4.41660339154644e+001
-3.93814719443619e+000    4.78359908883827e+001
-3.92148933126451e+000    4.51531257909390e+001
-3.92003125240721e+000    4.78359908883827e+001
-3.89992764627557e+000    4.59377372817008e+001
-3.87814587391194e+000    4.71273095418881e+001
-3.85969980082093e+000    4.77347506960263e+001
-3.83856453512044e+000    4.77347506960263e+001
-3.82044859309146e+000    4.77347506960263e+001
-3.79938210469556e+000    4.76082004555809e+001
-3.77830186083875e+000    4.75069602632245e+001
-3.76018591880977e+000    4.75069602632245e+001
-3.73899563126561e+000    4.76082004555809e+001
-3.72024693803440e+000    4.87724626676791e+001
-3.71790850967834e+000    5.30751708428246e+001
-3.70206221870082e+000    4.88990129081245e+001
-3.69979256764936e+000    5.30751708428246e+001
-3.67978524974415e+000    5.09997468995191e+001
-3.68043863413775e+000    5.53530751708428e+001
-3.68019103584123e+000    5.58086560364465e+001
-3.65967476588206e+000    5.46697038724374e+001
-3.64000445676934e+000    5.75297393065047e+001
-3.61776875419542e+000    5.95545431536320e+001
-3.60069822719620e+000    5.76309794988610e+001
-3.60032682975141e+000    5.83143507972665e+001
-3.60038872932554e+000    6.37560111364212e+001
-3.59992792138479e+000    7.01594533029613e+001
-3.57945979553883e+000    6.33763604150848e+001
-3.58015444631519e+000    6.76537585421412e+001
-3.55832452983835e+000    6.33763604150848e+001
-3.55851022856074e+000    6.85902303214376e+001
-3.54178358808447e+000    6.60339154644394e+001
-3.54151535659657e+000    7.20830169577322e+001
-3.52099908663740e+000    7.09440647937231e+001
-3.52055891188802e+000    7.17539863325740e+001
-3.51812419530554e+000    7.62338648443432e+001
-3.51875006877730e+000    8.06378132118451e+001
-3.51847495955894e+000    8.11440141736269e+001
-3.49986382093691e+000    7.09440647937231e+001
-3.49942364618754e+000    7.17539863325740e+001
-3.50000825327655e+000    7.62338648443432e+001
-3.50063412674832e+000    8.06378132118451e+001
-3.50035901752996e+000    8.11440141736269e+001
-3.49989133185875e+000    8.20045558086560e+001
-3.47879045481056e+000    7.63857251328778e+001
-3.47922375182948e+000    8.11440141736269e+001
-3.45958095363859e+000    8.39534295115161e+001
-3.45989045150925e+000    8.89395089850671e+001
-3.44146501160961e+000    8.39534295115161e+001
-3.44177450948026e+000    8.89395089850671e+001
-3.41885103386044e+000    8.11187041255378e+001
-3.41834895953694e+000    8.75980764363452e+001
-3.42099000803319e+000    9.38496583143508e+001
-3.39838978574494e+000    9.09896228802835e+001
-3.39868552815468e+000    9.60010124019236e+001
-3.38008126726310e+000    9.13439635535308e+001
-3.38056958612569e+000    9.60010124019236e+001
-3.35983322879183e+000    9.52670210073399e+001
-3.36015648212340e+000    1.00227790432802e+002
-3.34021106379233e+000    9.24829157175399e+001
-3.33978464450387e+000    9.32675272083017e+001
-3.34010789783544e+000    9.82282966337636e+001
-3.31955036149351e+000    9.71652746140218e+001
-3.31886258844761e+000    9.84307770184763e+001
-3.32082274162843e+000    1.00379650721336e+002
-3.29841509579303e+000    9.71652746140218e+001
-3.29772732274713e+000    9.84307770184763e+001
-3.29963245408427e+000    1.00480890913693e+002
-3.28125515829784e+000    1.00961781827385e+002
-3.25996858252726e+000    1.01240192356365e+002
-3.23883331682678e+000    1.01240192356365e+002
-3.22086868486789e+000    1.00961781827385e+002
-3.19988472923751e+000    1.00683371298405e+002
-3.18198887458321e+000    1.00278410528980e+002
-3.16085360888273e+000    1.00278410528980e+002
-3.13991091963509e+000    9.99240698557327e+001
-3.12224890781640e+000    9.90888382687927e+001
-3.09959366368448e+000    9.63300430270817e+001
-3.09847947135013e+000    9.83801569222982e+001
-3.07845839798400e+000    9.63300430270817e+001
-3.07734420564964e+000    9.83801569222982e+001
-3.06008110219757e+000    9.68109339407745e+001
-3.04022509436246e+000    9.44570994684890e+001
-3.03893208103617e+000    9.68362439888636e+001
-3.01943371518493e+000    9.38243482662617e+001
-3.00133152861686e+000    9.37990382181726e+001
-2.97831864250107e+000    9.16983042267780e+001
-2.96112431635359e+000    9.00025310048089e+001
-2.94086940015186e+000    8.83826879271071e+001
-2.93979647420026e+000    9.03568716780562e+001
-2.91980291175597e+000    8.82561376866616e+001
-2.91866120849977e+000    9.03568716780562e+001
-2.90187954617983e+000    8.79017970134143e+001
-2.87826141978365e+000    8.69147051379398e+001
-2.86021425505926e+000    8.67881548974943e+001
-2.83907898935878e+000    8.67881548974943e+001
-2.81806752280655e+000    8.65603644646925e+001
-2.79999284716032e+000    8.64844343204252e+001
-2.77892635876443e+000    8.63578840799798e+001
-2.75779109306395e+000    8.63578840799798e+001
-2.73988148294873e+000    8.59782333586434e+001
-2.71943399029415e+000    8.47127309541888e+001
-2.70175134528408e+000    7.83599088838269e+001
-2.69915156317058e+000    8.31435079726651e+001
-2.67882099193380e+000    7.61073146038977e+001
-2.68061607958359e+000    7.83599088838269e+001
-2.68104937660251e+000    8.31181979245761e+001
-2.65768572623331e+000    7.61073146038977e+001
-2.65880679629813e+000    7.96001012401924e+001
-2.65947393615265e+000    8.39281194634270e+001
-2.63943222959515e+000    7.63604150847887e+001
-2.63981050477039e+000    8.12199443178942e+001
-2.61926672388938e+000    6.90205011389522e+001
-2.61987884190023e+000    7.34497595545431e+001
-2.59923189506234e+000    6.69956972918249e+001
-2.59941759378473e+000    7.22095671981777e+001
-2.58111595303335e+000    6.69956972918249e+001
-2.58197566934073e+000    7.09693748418122e+001
-2.55949924620074e+000    6.78815489749431e+001
-2.54013843495868e+000    6.46165527714503e+001
-2.52006233974888e+000    6.26676790685902e+001
-2.49892707404840e+000    6.26676790685902e+001
-2.48145763868256e+000    6.14781068084029e+001
-2.46090010234063e+000    6.04150847886611e+001
-2.44023252231136e+000    5.95545431536320e+001
-2.41908350114996e+000    5.95798532017211e+001
-2.39826461105059e+000    5.89977220956720e+001
-2.38054757738822e+000    5.82637307010883e+001
-2.36074659139678e+000    5.58086560364465e+001
-2.35982497551528e+000    5.75044292584156e+001
-2.33798130357752e+000    5.32523411794482e+001
-2.33961132569630e+000    5.58086560364465e+001
-2.33868970981480e+000    5.75044292584156e+001
-2.31983785062670e+000    5.33029612756264e+001
-2.32119276352712e+000    5.63654770944065e+001
-2.29868882946530e+000    5.33282713237155e+001
-2.27909417538763e+000    5.04935459377373e+001
-2.25997408471163e+000    4.12300683371298e+001
-2.26199613746657e+000    4.86206023791445e+001
-2.23883881901115e+000    4.12300683371298e+001
-2.23936840425649e+000    4.58111870412554e+001
-2.24017309872019e+000    4.98861047835991e+001
-2.23952659205705e+000    5.10756770437864e+001
-2.22015890308452e+000    4.22677803087826e+001
-2.21841195954794e+000    4.54821564160972e+001
-2.20077745865108e+000    3.34851936218679e+001
-2.20063302631145e+000    3.93065046823589e+001
-2.17788837168356e+000    3.11566691976715e+001
-2.17834917962431e+000    3.58643381422425e+001
-2.17876872118231e+000    4.06479372310807e+001
-2.16096227702398e+000    3.45229055935206e+001
-2.16065277915332e+000    4.06479372310807e+001
-2.14080364904867e+000    3.27258921791951e+001
-2.11842351413511e+000    2.94608959757024e+001
-2.11888432207586e+000    3.41685649202733e+001
-2.11830659271731e+000    3.52315869400152e+001
-2.10168311819792e+000    2.69298911667932e+001
-2.07939927151079e+000    2.34877246266768e+001
-2.08091924994223e+000    2.62465198683878e+001
-2.06128332948180e+000    2.34877246266768e+001
-2.06280330791324e+000    2.62465198683878e+001
-2.04168867540414e+000    2.06529992406986e+001
-2.02021640091116e+000    1.57175398633257e+001
-2.01844194645274e+000    1.89825360668185e+001
-1.99968637549107e+000    1.46038977474057e+001
-2.00119259846159e+000    1.73880030372058e+001
-1.97901879546180e+000    1.37433561123766e+001
-1.98005733276111e+000    1.73880030372058e+001
-1.95777348607397e+000    1.39458364970893e+001
-1.95940350819275e+000    1.65021513540876e+001
-1.94209226062747e+000    9.46595798532017e+000
-1.94041409439548e+000    1.25537838521893e+001
-1.92042053195118e+000    1.04530498607947e+001
-1.90259345460148e+000    9.92153885092382e+000
-1.87886528451795e+000    9.13692736016198e+000
-1.85843154732429e+000    7.84611490761832e+000
-1.84076953550560e+000    7.01088332067831e+000
-1.82001942271082e+000    6.30220197418375e+000
-1.79888415701033e+000    6.30220197418375e+000
-1.78126341157440e+000    5.39104024297646e+000
-1.76058207608421e+000    4.55580865603645e+000
-1.74265871050807e+000    4.20146798278917e+000
-1.72177104310411e+000    3.74588711718552e+000
-1.69789156295049e+000    3.23968615540370e+000
-1.68002321921803e+000    2.78410528980005e+000
-1.65905301904856e+000    2.48038471273095e+000
-1.63791775334808e+000    2.48038471273095e+000
-1.61982932224093e+000    2.42976461655277e+000
-1.59879034476687e+000    2.25259427992913e+000
-1.58067440273789e+000    2.25259427992913e+000
-1.55959415888108e+000    2.15135408757277e+000
-1.53851391502426e+000    2.05011389521640e+000
-1.52039797299528e+000    2.05011389521640e+000
-1.49926270729480e+000    2.05011389521640e+000
-1.47816870797707e+000    1.97418375094913e+000
-1.46005276594808e+000    1.97418375094913e+000
-1.43893125570852e+000    1.94887370286004e+000
-1.42081531367953e+000    1.94887370286004e+000
-1.39966629251813e+000    1.97418375094913e+000
-1.37854478227856e+000    1.94887370286004e+000
-1.36041508478866e+000    1.97418375094913e+000
-1.33927981908818e+000    1.97418375094913e+000
-1.31813079792678e+000    1.99949379903822e+000
-1.30001485589779e+000    1.99949379903822e+000
-1.27889334565823e+000    1.97418375094913e+000
-1.26077740362924e+000    1.97418375094913e+000
-1.23961462700692e+000    2.02480384712731e+000
-1.21850687222827e+000    1.97418375094913e+000
-1.20039093019929e+000    1.97418375094913e+000
-1.17924190903789e+000    1.99949379903822e+000
-1.15807913241557e+000    2.05011389521640e+000
-1.13996319038658e+000    2.05011389521640e+000
-1.11882792468610e+000    2.05011389521640e+000
-1.10069822719620e+000    2.07542394330549e+000
-1.07952169511296e+000    2.15135408757277e+000
-1.05835891849064e+000    2.20197418375095e+000
-1.04024297646166e+000    2.20197418375095e+000
-1.01902517799566e+000    2.35383447228550e+000
-9.97821134990591e-001    2.48038471273095e+000
-9.79663926578852e-001    2.55631485699823e+000
-9.58528660878369e-001    2.55631485699823e+000
-9.40371452466629e-001    2.63224500126550e+000
-9.19249942227064e-001    2.60693495317641e+000
-8.98059654682909e-001    2.70817514553278e+000
-8.79943712653924e-001    2.70817514553278e+000
-8.58904735179866e-001    2.53100480890914e+000
-8.37783224940301e-001    2.50569476082005e+000
-8.19667282911316e-001    2.50569476082005e+000
-7.98600794515423e-001    2.37914452037459e+000
-7.80553629791027e-001    2.25259427992913e+000
-7.59514652316970e-001    2.07542394330549e+000
-7.38379386616487e-001    2.07542394330549e+000
-7.20263444587501e-001    2.07542394330549e+000
-6.99169445269772e-001    1.99949379903822e+000
-6.78006668647453e-001    2.05011389521640e+000
-6.59890726618467e-001    2.05011389521640e+000
-6.38755460917985e-001    2.05011389521640e+000
-6.20653274349917e-001    2.02480384712731e+000
-5.99545519571270e-001    1.97418375094913e+000
-5.78410253870787e-001    1.97418375094913e+000
-5.60294311841801e-001    1.97418375094913e+000
-5.39159046141318e-001    1.97418375094913e+000
-5.18023780440835e-001    1.97418375094913e+000
-4.99907838411849e-001    1.97418375094913e+000
-4.78772572711366e-001    1.97418375094913e+000
-4.60656630682381e-001    1.97418375094913e+000
-4.39521364981898e-001    1.97418375094913e+000
-4.18372343820497e-001    1.99949379903822e+000
-4.00256401791511e-001    1.99949379903822e+000
-3.79134891551946e-001    1.97418375094913e+000
-3.57999625851463e-001    1.97418375094913e+000
-3.39883683822478e-001    1.97418375094913e+000
-3.18762173582912e-001    1.94887370286004e+000
-3.00632476093009e-001    1.97418375094913e+000
-2.79497210392526e-001    1.97418375094913e+000
-2.58375700152961e-001    1.94887370286004e+000
-2.40259758123975e-001    1.94887370286004e+000
-2.19110736962574e-001    1.97418375094913e+000
-1.97975471262091e-001    1.97418375094913e+000
-1.79859529233106e-001    1.97418375094913e+000
-1.58710508071704e-001    1.99949379903822e+000
-1.40594566042719e-001    1.99949379903822e+000
-1.19321745733056e-001    2.25259427992913e+000
-9.80076590406391e-002    2.58162490508732e+000
-1.00449253353581e-001    3.64464692482916e+000
-7.95203195668680e-002    3.26499620349279e+000
-5.83850538663850e-002    3.26499620349279e+000
-3.98839589316959e-002    3.97367754998734e+000
-2.13278421533349e-002    4.78359908883827e+000
 1.10043687343876e-004    5.34042014679828e+000
 1.82259857163294e-002    5.34042014679828e+000
 3.98564480098599e-002    6.25158187800557e+000
 6.16519758344063e-002    7.46646418628195e+000
 7.97679178633918e-002    7.46646418628195e+000
 1.01260825547742e-001    8.12452543659833e+000
 1.22712466849339e-001    8.70665654264743e+000
 1.38290526338957e-001    9.59250822576563e+000
 1.59425792039440e-001    9.59250822576563e+000
 1.78009419739637e-001    1.04530498607947e+001
 1.99694903876839e-001    1.14654517843584e+001
 2.21187811561190e-001    1.21235130346748e+001
 2.39303753590175e-001    1.21235130346748e+001
 2.61002993188296e-001    1.31612250063275e+001
 2.82399612646221e-001    1.36421159200202e+001
 3.00501799214288e-001    1.36168058719312e+001
 3.21912174133131e-001    1.41230068337130e+001
 3.40028116162116e-001    1.41230068337130e+001
 3.61149626401681e-001    1.40976967856239e+001
 3.82298647563083e-001    1.41230068337130e+001
 4.00387078670232e-001    1.40723867375348e+001
 4.21426056144289e-001    1.38952164009112e+001
 4.39528242712357e-001    1.38699063528221e+001
 4.60663508412840e-001    1.38699063528221e+001
 4.82101394253519e-001    1.44267274107821e+001
 4.79907398237100e-001    1.59453302961276e+001
 4.80154996533624e-001    1.64009111617312e+001
 4.97872030195988e-001    1.56669197671476e+001
 5.19213627810241e-001    1.60465704884839e+001
 5.41036666556623e-001    1.73120728929385e+001
 5.60431866450981e-001    1.96659073652240e+001
 5.79758289040749e-001    2.18931915970640e+001
 5.97874231069735e-001    2.18931915970640e+001
 6.20536352932114e-001    2.47026069349532e+001
 6.41341487570566e-001    2.40951657808150e+001
 6.39890286443718e-001    2.69805112629714e+001
 6.59457429599551e-001    2.40951657808150e+001
 6.58006228472704e-001    2.69805112629714e+001
 6.78893895876663e-001    2.65249303973678e+001
 6.80104376437446e-001    2.87522146292078e+001
 7.01611039582714e-001    2.94355859276133e+001
 7.20139645439239e-001    3.01948873702860e+001
 7.41274911139723e-001    3.01948873702860e+001
 7.59569674160642e-001    3.05239179954442e+001
 7.80842494470305e-001    3.07770184763351e+001
 8.02142825701804e-001    3.10807390534042e+001
 8.20258767730789e-001    3.10807390534042e+001
 8.41545343501370e-001    3.13591495823842e+001
 8.59812595600453e-001    3.16375601113642e+001
 8.80961616761854e-001    3.16628701594533e+001
 8.99297646165528e-001    3.20678309288788e+001
 9.17743719256545e-001    3.26752720830170e+001
 9.39167849636306e-001    3.32067830928879e+001
 9.60303115336789e-001    3.32067830928879e+001
 9.78625389279544e-001    3.35864338142243e+001
 1.00007703058114e+000    3.41685649202733e+001
 1.02156993826549e+000    3.48266261705897e+001
 1.03974090213815e+000    3.49278663629461e+001
 1.06106874429148e+000    3.52822070361934e+001
 1.07933599639057e+000    3.55606175651734e+001
 1.10047126209105e+000    3.55606175651734e+001
 1.12178534878347e+000    3.58896481903316e+001
 1.14001133449980e+000    3.60921285750443e+001
 1.16121537750487e+000    3.62186788154898e+001
 1.17933131953385e+000    3.62186788154898e+001
 1.20045282977342e+000    3.61933687674007e+001
 1.22165687277849e+000    3.63199190078461e+001
 1.23985534757299e+000    3.64717792963807e+001
 1.26099061327347e+000    3.64717792963807e+001
 1.28223592266130e+000    3.66742596810934e+001
 1.30035186469028e+000    3.66742596810934e+001
 1.32154215223444e+000    3.67754998734498e+001
 1.33965809426342e+000    3.67754998734498e+001
 1.36077960450299e+000    3.67501898253607e+001
 1.38192862566439e+000    3.67754998734498e+001
 1.40004456769337e+000    3.67754998734498e+001
 1.42116607793294e+000    3.67501898253607e+001
 1.44232885455526e+000    3.68008099215389e+001
 1.46065112849801e+000    3.71804606428752e+001
 1.48178639419850e+000    3.71804606428752e+001
 1.50032875551594e+000    3.79650721336371e+001
 1.50136041508479e+000    3.98633257403189e+001
 1.51921500335633e+000    3.93824348266262e+001
 1.54112057486822e+000    4.07997975196153e+001
 1.55925027235813e+000    4.08251075677044e+001
 1.55767527208302e+000    4.34826626170590e+001
 1.58009667337933e+000    4.02935965578335e+001
 1.57856293948698e+000    4.30270817514553e+001
 1.58018608387530e+000    4.60136674259681e+001
 1.60067484291264e+000    4.48240951657808e+001
 1.60243554191014e+000    4.80637813211845e+001
 1.61879078494162e+000    4.48240951657808e+001
 1.62055148393912e+000    4.80637813211845e+001
 1.63941709858814e+000    4.38876233864844e+001
 1.64108150935922e+000    4.69501392052645e+001
 1.66137769194370e+000    4.54062262718299e+001
 1.65973391436400e+000    4.79372310807391e+001
 1.67822125383777e+000    4.86206023791445e+001
 1.69932900861642e+000    4.85699822829663e+001
 1.71759626071550e+000    4.88483928119463e+001
 1.73856646088497e+000    4.85446722348772e+001
 1.76266602841328e+000    4.84434320425209e+001
 1.78069943767676e+000    4.82915717539863e+001
 1.80172465968990e+000    4.80890913692736e+001
 1.81977182441429e+000    4.79625411288281e+001
 1.84092084557569e+000    4.79878511769172e+001
 1.86223493226811e+000    4.83168818020754e+001
 1.85994464802527e+000    4.96583143507973e+001
 1.86049486646199e+000    5.06707162743609e+001
 1.87887216224841e+000    5.11516071880537e+001
 1.87861768622143e+000    5.62389268539610e+001
 1.87914039373631e+000    5.72007086813465e+001
 1.90026878170634e+000    5.16324981017464e+001
 1.89975295192191e+000    5.62389268539610e+001
 1.90027565943680e+000    5.72007086813465e+001
 1.92239444059292e+000    5.34548215641610e+001
 1.91980841394033e+000    5.98076436345229e+001
 1.92117020457121e+000    6.23133383953430e+001
 1.93857086263247e+000    4.98861047835991e+001
 1.93943745667030e+000    5.14806378132119e+001
 1.93980885411508e+000    5.21640091116173e+001
 1.94047599396961e+000    5.89471019994938e+001
 1.94020776248171e+000    6.40091116173121e+001
 1.94089553552760e+000    6.52746140217666e+001
 1.93835765298824e+000    6.61604657048848e+001
 1.96038702364839e+000    5.66945077195647e+001
 1.96007752577773e+000    6.16805871931157e+001
 1.95949291868872e+000    6.61604657048848e+001
 1.98153604480979e+000    5.67198177676538e+001
 1.97907381730547e+000    6.33004302708175e+001
 1.97978222354275e+000    7.01594533029613e+001
 1.98027742013579e+000    7.10706150341686e+001
 1.99898484698425e+000    6.10478359908884e+001
 1.99935624442904e+000    6.17312072892939e+001
 1.99974139733474e+000    6.24398886357884e+001
 1.99973451960428e+000    6.79827891672994e+001
 1.99963135364740e+000    7.33485193621868e+001
 1.99998899563127e+000    7.40065806125032e+001
 2.01957677197848e+000    6.56036446469248e+001
 2.01980373708362e+000    7.15768159959504e+001
 2.03769271400746e+000    6.56036446469248e+001
 2.03826356563556e+000    7.22095671981777e+001
 2.06060931189682e+000    7.44368514300177e+001
 2.08078169533305e+000    7.26651480637813e+001
 2.08138693561344e+000    7.37787901797013e+001
 2.08011455547853e+000    7.69931662870160e+001
 2.09889763736203e+000    7.26651480637813e+001
 2.09950287764242e+000    7.37787901797013e+001
 2.09823049750751e+000    7.69931662870160e+001
 2.11911816491147e+000    7.65375854214123e+001
 2.13964819033156e+000    7.54239433054923e+001
 2.15991686199421e+000    7.38294102758795e+001
 2.16114109801591e+000    7.60820045558087e+001
 2.18242079605603e+000    7.07922045051886e+001
 2.18105212769470e+000    7.38294102758795e+001
 2.18227636371640e+000    7.60820045558087e+001
 2.19841151937319e+000    7.24373576309795e+001
 2.21891403387145e+000    7.12730954188813e+001
 2.24224329558835e+000    6.97544925335358e+001
 2.24055825162590e+000    7.22095671981777e+001
 2.26035923761733e+000    6.97544925335358e+001
 2.25867419365488e+000    7.22095671981777e+001
 2.28080673027192e+000    6.84889901290812e+001
 2.30124046746558e+000    6.71981776765376e+001
 2.31840728269123e+000    6.54517843583903e+001
 2.34223174100118e+000    6.48443432042521e+001
 2.36000379650721e+000    6.42115920020248e+001
 2.38010740263885e+000    6.23133383953430e+001
 2.40051362891068e+000    6.09719058466211e+001
 2.39889736225281e+000    6.35535307517084e+001
 2.41823066257304e+000    6.02379144520375e+001
 2.42003262795330e+000    6.35535307517084e+001
 2.43907706359425e+000    5.97064034421665e+001
 2.45908438149946e+000    5.76309794988610e+001
 2.47899541117824e+000    5.53783852189319e+001
 2.49966986893797e+000    4.89749430523918e+001
 2.50171943261475e+000    5.27461402176664e+001
 2.50054334070626e+000    5.61376866616047e+001
 2.51778581096695e+000    4.89749430523918e+001
 2.51983537464373e+000    5.27461402176664e+001
 2.51865928273525e+000    5.61376866616047e+001
 2.53948505056507e+000    5.00126550240445e+001
 2.53898297624157e+000    5.46443938243483e+001
 2.55998068733287e+000    4.32801822323462e+001
 2.55936856932202e+000    4.77094406479372e+001
 2.57900448978244e+000    4.49506454062263e+001
 2.59957578158529e+000    4.39129334345735e+001
 2.61999576331804e+000    4.25968109339408e+001
 2.63972797200489e+000    4.00151860288535e+001
 2.65976280083193e+000    3.79903821817261e+001
 2.67747983449429e+000    3.72563907871425e+001
 2.70089162897670e+000    3.58896481903316e+001
 2.69950920515445e+000    3.89015439129334e+001
 2.72124283340486e+000    3.44469754492534e+001
 2.73860222508336e+000    3.30549228043533e+001
 2.75900845135519e+000    3.17134902556315e+001
 2.78014371705567e+000    3.17134902556315e+001
 2.80041238871832e+000    3.01189572260187e+001
 2.82069481584189e+000    2.85497342444951e+001
 2.83823302851232e+000    2.74867122247532e+001
 2.85936829421280e+000    2.74867122247532e+001
 2.88000836332024e+000    2.65755504935459e+001
 2.89786295159178e+000    2.60946595798532e+001
 2.91901197275318e+000    2.61199696279423e+001
 2.93712791478217e+000    2.61199696279423e+001
 2.95829069140449e+000    2.61705897241205e+001
 2.97949473440956e+000    2.62971399645659e+001
 2.99763818736038e+000    2.63477600607441e+001
 3.01884223036546e+000    2.64743103011896e+001
 3.04001876244869e+000    2.65502404454568e+001
 3.05813470447768e+000    2.65502404454568e+001
 3.07926997017816e+000    2.65502404454568e+001
 3.09738591220715e+000    2.65502404454568e+001
 3.11852117790763e+000    2.65502404454568e+001
 3.13951888899893e+000    2.62971399645659e+001
 3.15763483102792e+000    2.62971399645659e+001
 3.17867380850198e+000    2.61199696279423e+001
 3.19978156328062e+000    2.60693495317641e+001
 3.22080678529376e+000    2.58668691470514e+001
 3.24194205099424e+000    2.58668691470514e+001
 3.25998921571864e+000    2.57403189066059e+001
 3.28106945957545e+000    2.56390787142496e+001
 3.30206717066675e+000    2.53859782333586e+001
 3.32018311269574e+000    2.53859782333586e+001
 3.34127711201347e+000    2.53100480890914e+001
 3.35931052127695e+000    2.51581878005568e+001
 3.38033574329009e+000    2.49557074158441e+001
 3.40147100899057e+000    2.49557074158441e+001
 3.41955944009772e+000    2.49050873196659e+001
 3.44065343941545e+000    2.48291571753986e+001
 3.46169241688951e+000    2.46519868387750e+001
 3.47980835891849e+000    2.46519868387750e+001
 3.50079231454888e+000    2.43735763097950e+001
 3.52180378110110e+000    2.41457858769932e+001
 3.53991972313008e+000    2.41457858769932e+001
 3.56088992329955e+000    2.38420652999241e+001
 3.57889582164119e+000    2.36395849152113e+001
 3.59986602181066e+000    2.33358643381422e+001
 3.62100128751114e+000    2.33358643381422e+001
 3.63895216400911e+000    2.30321437610731e+001
 3.66004616332684e+000    2.29562136168059e+001
 3.68107138533998e+000    2.27537332320931e+001
 3.69918732736897e+000    2.27537332320931e+001
 3.72040512583496e+000    2.29055935206277e+001
 3.73856233424670e+000    2.29815236648950e+001
 3.75979388817361e+000    2.31586940015186e+001
 3.78092915387409e+000    2.31586940015186e+001
 3.79908636228583e+000    2.32346241457859e+001
 3.82030416075182e+000    2.33864844343204e+001
 3.84156322560056e+000    2.36142748671222e+001
 3.85967916762955e+000    2.36142748671222e+001
 3.88091072155646e+000    2.37914452037459e+001
 3.89908168542912e+000    2.38926853961023e+001
 3.92021695112960e+000    2.38926853961023e+001
 3.94140723867375e+000    2.39939255884586e+001
 3.95953693616366e+000    2.40192356365477e+001
 3.98080975647332e+000    2.42723361174386e+001
 4.00194502217380e+000    2.42723361174386e+001
 4.02014349696830e+000    2.44241964059732e+001
 4.04137505089521e+000    2.46013667425968e+001
 4.05955977022878e+000    2.47279169830423e+001
 4.08069503592926e+000    2.47279169830423e+001
 4.10198161169984e+000    2.50063275120223e+001
 4.12024886379893e+000    2.52847380410023e+001
 4.14150792864767e+000    2.55125284738041e+001
 4.15962387067666e+000    2.55125284738041e+001
 4.18089669098632e+000    2.57656289546950e+001
 4.20216951129598e+000    2.60187294355859e+001
 4.22028545332497e+000    2.60187294355859e+001
 4.23860772726773e+000    2.63983801569223e+001
 4.25993556942106e+000    2.67527208301696e+001
 4.27817531059831e+000    2.69805112629714e+001
 4.29931057629879e+000    2.69805112629714e+001
 4.32063841845213e+000    2.73348519362187e+001
 4.33891942601213e+000    2.76385725132878e+001
 4.36019224632179e+000    2.78916729941787e+001
 4.37830818835078e+000    2.78916729941787e+001
 4.39959476412136e+000    2.81700835231587e+001
 4.42089509535286e+000    2.84738041002278e+001
 4.43901103738184e+000    2.84738041002278e+001
 4.46032512407426e+000    2.88028347253860e+001
 4.48169423261035e+000    2.92331055429005e+001
 4.50014030570136e+000    2.98405466970387e+001
 4.52127557140185e+000    2.98405466970387e+001
 4.53966662264919e+000    3.03467476588206e+001
 4.56065057827958e+000    3.00683371298405e+001
 4.56143463955190e+000    3.15110098709188e+001
 4.57978442441649e+000    3.19412806884333e+001
 4.59790036644548e+000    3.19412806884333e+001
 4.61939327412983e+000    3.25993419387497e+001
 4.64047351798664e+000    3.24981017463933e+001
 4.64140888932906e+000    3.42191850164515e+001
 4.65858946001563e+000    3.24981017463933e+001
 4.65952483135805e+000    3.42191850164515e+001
 4.68126533733892e+000    3.53328271323716e+001
 4.69885857185303e+000    3.43710453049861e+001
 4.69740737072618e+000    3.72563907871425e+001
 4.69870038405247e+000    3.96355353075171e+001
 4.71939547500358e+000    3.88256137686662e+001
 4.74053074070406e+000    3.88256137686662e+001
 4.75970585322373e+000    4.07744874715262e+001
 4.77919734134451e+000    4.33054922804353e+001
 4.78073795296733e+000    4.61402176664136e+001
 4.80033260704500e+000    4.33054922804353e+001
 4.79884013953540e+000    4.61149076183245e+001
 4.82089014338692e+000    4.22424702606935e+001
 4.81982409516578e+000    4.58364970893445e+001
 4.81863424779637e+000    4.92027334851936e+001
 4.84200477589603e+000    4.77600607441154e+001
 4.85767912361207e+000    4.88230827638573e+001
 4.87959845058488e+000    5.02657555049355e+001
 4.90012847600497e+000    4.91521133890154e+001
 4.89928251515852e+000    5.31511009870919e+001
 4.91975751873494e+000    5.19362186788155e+001
 4.91860893774829e+000    5.53783852189319e+001
 4.92083732241700e+000    5.94786130093647e+001
 4.94089278443542e+000    5.19362186788155e+001
 4.93974420344877e+000    5.53783852189319e+001
 4.94201385450024e+000    5.95545431536320e+001
 4.96026047340794e+000    5.42394330549228e+001
 4.95918066972588e+000    5.78081498354847e+001
 4.96118896701991e+000    6.15034168564920e+001
 4.97929803131843e+000    5.59352062768919e+001
 4.97890600068227e+000    6.07694254619084e+001
 4.98103809712456e+000    6.46924829157175e+001
 5.00055021843672e+000    6.17058972412048e+001
 5.00217336282504e+000    6.46924829157175e+001
 5.01958777634721e+000    6.34016704631739e+001
 5.03906550900708e+000    6.59073652239939e+001
 5.06080601498795e+000    6.70210073399139e+001
 5.07910077800887e+000    6.73500379650721e+001
 5.10086879491158e+000    6.85143001771703e+001
 5.11930111254168e+000    6.90964312832194e+001
 5.14043637824216e+000    6.90964312832194e+001
 5.16155788848173e+000    6.90711212351303e+001
 5.17961880866704e+000    6.89698810427740e+001
 5.20075407436752e+000    6.89698810427740e+001
 5.21887001639651e+000    6.89698810427740e+001
 5.23985397202689e+000    6.86914705137940e+001
 5.26079666127453e+000    6.83371298405467e+001
 5.27848618401505e+000    6.75525183497849e+001
 5.29962144971554e+000    6.75525183497849e+001
 5.32024776336205e+000    6.66160465704885e+001
 5.33773095418881e+000    6.54517843583903e+001
 5.36123903689765e+000    6.42622120982030e+001
 5.35921010641225e+000    6.60845355606176e+001
 5.37935497892663e+000    6.42622120982030e+001
 5.38034537211273e+000    6.60845355606176e+001
 5.39886710023879e+000    6.12756264236902e+001
 5.39981622704214e+000    6.30220197418375e+001
 5.40097168575925e+000    6.51480637813212e+001
 5.42030498607947e+000    6.18324474816502e+001
 5.43759560045338e+000    6.03138445963047e+001
 5.45873086615386e+000    6.03138445963047e+001
 5.48247279169830e+000    5.95545431536320e+001
 5.49976340607221e+000    5.80359402682865e+001
 5.52036220879689e+000    5.70488483928119e+001
 5.53847815082588e+000    5.70488483928119e+001
 5.55882935525404e+000    5.56061756517337e+001
 5.57934562521321e+000    5.44672234877246e+001
 5.59984813971147e+000    5.33029612756264e+001
 5.62098340541195e+000    5.33029612756264e+001
 5.64130709891827e+000    5.18096684383700e+001
 5.65872151244044e+000    5.05188559858264e+001
 5.67901769502492e+000    4.89749430523918e+001
 5.67993931090643e+000    5.06707162743609e+001
 5.70016671618633e+000    4.90002531004809e+001
 5.70107457660691e+000    5.06707162743609e+001
 5.71817261452797e+000    4.87977727157682e+001
 5.73912905923652e+000    4.84687420906100e+001
 5.76007174848415e+000    4.81144014173627e+001
 5.78120701418463e+000    4.81144014173627e+001
 5.80224599165869e+000    4.79372310807391e+001
 5.82025189000033e+000    4.77347506960263e+001
 5.84120833470888e+000    4.74057200708681e+001
 5.85932427673787e+000    4.74057200708681e+001
 5.87908399634655e+000    4.48747152619590e+001
 5.88008814499356e+000    4.67223487724627e+001
 5.90013672928152e+000    4.47228549734244e+001
 5.91739983273360e+000    4.31536319919008e+001
 5.93853509843408e+000    4.31536319919008e+001
 5.96138291901885e+000    4.07491774234371e+001
 5.97764187382391e+000    3.73323209314098e+001
 6.00037965072134e+000    3.47253859782334e+001
 5.99942364618754e+000    3.85218931915971e+001
 6.02056578961848e+000    3.29789926600861e+001
 6.02055891188802e+000    3.85218931915971e+001
 6.03814526867166e+000    3.19919007846115e+001
 6.06117878797883e+000    2.43735763097950e+001
 6.06067671365532e+000    2.90053151100987e+001
 6.07744462051434e+000    2.65249303973678e+001
 6.10008610918535e+000    2.37408251075677e+001
 6.09940521386991e+000    2.80435332827132e+001
 6.12230117856789e+000    2.01721083270058e+001
 6.12122137488583e+000    2.37408251075677e+001
 6.12054047957039e+000    2.80435332827132e+001
 6.13856701110341e+000    2.23234624145786e+001
 6.16166242998470e+000    2.03745887117186e+001
 6.18223372178755e+000    1.93368767400658e+001
 6.20034966381654e+000    1.93368767400658e+001
 6.21988929605053e+000    1.64009111617312e+001
 6.22089344469754e+000    1.82485446722349e+001
 6.23832161368063e+000    1.69830422677803e+001
 6.25893417186623e+000    1.60212604403948e+001
 6.27975306196560e+000    1.54391293343457e+001
 6.29760765023714e+000    1.49582384206530e+001
 6.32100568925864e+000    1.35661857757530e+001
 6.34157698106148e+000    1.25284738041002e+001
 6.36082774861620e+000    9.06099721589471e+000
 6.35969292309047e+000    1.25284738041002e+001
 6.38003037205771e+000    1.10604910149329e+001
 6.39737600827528e+000    9.64312832194381e+000
 6.42070526999219e+000    8.12452543659833e+000
 6.41902022602973e+000    1.05796001012402e+001
 6.44104271895943e+000    6.65654264743103e+000
 6.43956400691074e+000    9.49126803340926e+000
 6.44015549173022e+000    1.05796001012402e+001
 6.45915866098841e+000    6.65654264743103e+000
 6.47946859903382e+000    5.13793976208555e+000
 6.50005364629758e+000    4.12553783852189e+000
 6.50131914870204e+000    6.45406226271830e+000
 6.51811456648289e+000    4.02429764616553e+000
 6.51943509073102e+000    6.45406226271830e+000
 6.54200780209743e+000    3.54340673247279e+000
 6.55972483575980e+000    2.80941533788914e+000
 6.58064001408559e+000    2.40445456846368e+000
 6.60172025794240e+000    2.30321437610731e+000
 6.61983619997139e+000    2.30321437610731e+000
 6.64088893290636e+000    2.15135408757277e+000
 6.66196917676317e+000    2.05011389521640e+000
 6.68008511879216e+000    2.05011389521640e+000
 6.70115160718805e+000    1.92356365477094e+000
 6.71919877191245e+000    1.79701341432549e+000
 6.74033403761293e+000    1.79701341432549e+000
 6.76146930331342e+000    1.79701341432549e+000