-6.47169811320755e+000   -6.10188679245283e+000
-5.15094339622642e+000   -6.52452830188679e+000
-3.03773584905660e+000   -6.92075471698113e+000
-1.29433962264151e+000   -7.42264150943396e+000
 3.96226415094340e-001   -7.73962264150943e+000
 2.45660377358491e+000   -7.95094339622641e+000
 4.99245283018868e+000   -8.42641509433962e+000
 7.52830188679245e+000   -8.90188679245283e+000
 7.52830188679245e+000   -6.10188679245283e+000
 7.15849056603774e+000   -3.40754716981132e+000
 6.84150943396226e+000   -8.98113207547170e-001
 6.55094339622642e+000    8.18867924528302e-001
 6.70943396226415e+000    3.06415094339623e+000
 6.68301886792453e+000    5.25660377358491e+000
 6.73584905660377e+000    7.87169811320755e+000
 4.14716981132075e+000    7.13207547169811e+000
 1.08301886792453e+000    6.65660377358491e+000
-1.34716981132075e+000    6.76226415094340e+000
-4.01509433962264e+000    7.00000000000000e+000
-6.36603773584906e+000    7.52830188679245e+000
-6.36603773584906e+000    4.72830188679245e+000
-6.39245283018868e+000    2.72075471698113e+000
-6.47169811320755e+000   -5.01886792452830e-001
-6.47169811320755e+000   -3.30188679245283e+000
