 1.49040572792363e+000   -1.01682100238663e+001
 4.61971360381862e+000   -1.02294988066826e+001
 6.60988066825776e+000   -1.03222911694511e+001
 6.32921241050119e+000   -5.63112171837709e+000
 6.15121718377088e+000   -2.18463007159905e+000
 5.74610978520286e+000    3.42930787589499e+000
 4.58906921241050e+000    9.05412887828162e+000
 1.77021479713604e+000    1.18121241050119e+001
-7.58949880668258e-001    1.18281622911695e+001
-3.59584725536993e+000    1.06877326968974e+001
-4.33431980906921e+000    8.84505966587112e+000
-4.91813842482100e+000    6.13174224343675e+000
-5.09441527446301e+000    4.23522673031026e+000
-5.23131264916468e+000    1.89479713603819e+000
-5.13766109785203e+000   -1.29909307875895e+000
-5.12835322195704e+000   -4.24038186157518e+000
-4.99116945107399e+000   -6.79045346062052e+000
-4.76190930787589e+000   -9.63665871121718e+000
-2.46816229116945e+000   -9.66071599045346e+000
 1.67541766109785e-002   -1.00943198090692e+001
