 2.00989614134431e+001    5.99195437630989e+000
 3.02917618542700e+001    2.17939609132507e+000
 4.07074790699816e+001    1.43983809833852e+000
 1.27376315354194e+002    1.57670669456455e-001
 1.00377639367536e+002    1.75271333071509e-001
 6.13552366376131e+001    5.80306585562452e-001
 8.24429630647330e+001    3.18711613538930e-001
 1.52558229158471e+002    8.67280032208659e-002
 6.16723340504120e+002    1.06687841948511e-001
 8.22481880134842e+002    1.88830159068977e-001
 2.49687008362065e+002    5.15721753246225e-002
 2.05027361641496e+002    6.34911230786510e-002
 4.22452188713397e+002    5.44637106375973e-002
 3.35606567911881e+002    4.73191225591401e-002
