0.000000000000000000e+00 1.807137433561119977e+01
1.811594202890276506e-02 1.807137433561119977e+01
3.951256148690163172e-02 1.855226524930399989e+01
6.090918094480102241e-02 1.903315616299670054e+01
7.902512297380326345e-02 1.903315616299670054e+01
1.003804760489011016e-01 1.943811693242220073e+01
1.187715272963032476e-01 1.994431789420400136e+01
1.399480593795026095e-01 2.002024803847130130e+01
1.373413995356003170e-01 2.077954948114399869e+01
1.610833250800034477e-01 2.002024803847130130e+01
1.584766652360016792e-01 2.077954948114399869e+01
1.769227383271001486e-01 2.138699063528219924e+01
1.987457770734017970e-01 2.265249303973680028e+01
2.192345361108003488e-01 2.146292077954949917e+01
2.203899948279008925e-01 2.358896481903320108e+01
2.373504781398025898e-01 2.146292077954949917e+01
2.389323561453018385e-01 2.437357630979499845e+01
2.609617268055011152e-01 2.601872943558590023e+01
2.801230838642005949e-01 2.794229309035689823e+01
2.982390258932028360e-01 2.794229309035689823e+01
3.202408856315024366e-01 2.953682611996960006e+01
3.365204736280027475e-01 3.171349025563149837e+01
3.582472241479024433e-01 3.280182232346240312e+01
3.788872932554028239e-01 3.189066059225509875e+01
3.800840183552018914e-01 3.409263477600610059e+01
3.985300914463003608e-01 3.470007593014430114e+01
4.201743092006999802e-01 3.563654770944059891e+01
4.382902512297022213e-01 3.563654770944059891e+01
4.599894908278017169e-01 3.667425968109340317e+01
4.813723548248027839e-01 3.712984054669699674e+01
4.965652614087012751e-01 3.730701088332070015e+01
5.178518371793003894e-01 3.758542141230069689e+01
5.391109020281028563e-01 3.781321184510250077e+01
5.574744423536017734e-01 3.826879271070620092e+01
5.786097080540031357e-01 3.826879271070620092e+01
5.997999955982002973e-01 3.837003290306250136e+01
6.180122258536009383e-01 3.854720323968619766e+01
6.391199806323015764e-01 3.849658314350799770e+01
6.572359226612007888e-01 3.849658314350799770e+01
6.782886555962015507e-01 3.834472285497339783e+01
6.993826549140003124e-01 3.826879271070620092e+01
7.174848414820012010e-01 3.824348266261709739e+01
7.386201071825020392e-01 3.824348266261709739e+01
7.566535164460006513e-01 3.809162237408249752e+01
7.779813585993018421e-01 3.844596304732979775e+01
7.994192444400027853e-01 3.900278410528979833e+01
8.005059258525015764e-01 4.100227790432799679e+01
8.175351864690014736e-01 3.900278410528979833e+01
8.186218678815002647e-01 4.100227790432799679e+01
8.393857361372027981e-01 4.031890660592259934e+01
8.379758013931031257e-01 4.328018223234619910e+01
8.585333377350004014e-01 4.221716021260439788e+01
8.796823588964031160e-01 4.224247026069350142e+01
9.003086725429021442e-01 4.130599848139709707e+01
9.008864019015021540e-01 4.236902050113899776e+01
8.989812705644020241e-01 4.441913439635540328e+01
9.000817074378026916e-01 4.644393824348269817e+01
9.003430611952012441e-01 4.692482915717540237e+01
9.179087847875031514e-01 4.591242723361170164e+01
9.394842252374004943e-01 4.672234877246270202e+01
9.610183993045033901e-01 4.745634016704629943e+01
9.787216775059022211e-01 4.669703872437359848e+01
9.772154545354005961e-01 4.948114401417360142e+01
9.785497342444031688e-01 5.193621867881550003e+01
1.000723537244201822e+00 4.829157175398629676e+01
9.981031219394012055e-01 4.902556314857000075e+01
9.992035588128018730e-01 5.105036699569730274e+01
1.018839479273200510e+00 4.829157175398629676e+01
1.019238387639802568e+00 4.902556314857000075e+01
1.020352579974201035e+00 5.107567704378639917e+01
1.038743631221500152e+00 5.158187800556819980e+01
1.060030206992102819e+00 5.186028853454819654e+01
1.078187415403903060e+00 5.193621867881550003e+01
1.099322681104300869e+00 5.193621867881550003e+01
1.120444191343903384e+00 5.191090863072639650e+01
1.138587644294702272e+00 5.196152872690459645e+01
1.160135573822802968e+00 5.272083016957729740e+01
1.178251515851702180e+00 5.272083016957729740e+01
1.197412872910501136e+00 5.464439382434829895e+01
1.199916366797602052e+00 5.925082257656290352e+01
1.197571060711101865e+00 6.049101493292840104e+01
1.220205671651601875e+00 5.213869906352820038e+01
1.220714623705600133e+00 5.307517084282459763e+01
1.220171282999302775e+00 5.763097949886100224e+01
1.219627942293001865e+00 6.218678815489749923e+01
1.220384492643500352e+00 6.357884079979749714e+01
1.238321613680600564e+00 5.213869906352820038e+01
1.238830565734502898e+00 5.307517084282459763e+01
1.238287225028301464e+00 5.763097949886100224e+01
1.237743884322000554e+00 6.218678815489749923e+01
1.238500434672502593e+00 6.357884079979749714e+01
1.236829146171000815e+00 6.605922551252849928e+01
1.237571941060501501e+00 6.742596810933939366e+01
1.259071726475401221e+00 6.254112882814479946e+01
1.260412883914902693e+00 7.056441407238669683e+01
1.257806224070900925e+00 7.132371551505950436e+01
1.280041926644802430e+00 6.223740825107569918e+01
1.280805354725803369e+00 6.919767147557580245e+01
1.298157868673801119e+00 6.223740825107569918e+01
1.298921296754802057e+00 6.919767147557580245e+01
1.320503614935102377e+00 6.446469248291569443e+01
1.320861256918902882e+00 6.512275373323210204e+01
1.318199575231300713e+00 6.578081498354849543e+01
1.319588876784003162e+00 6.833712984054669448e+01
1.319678287280002138e+00 7.405720070868140681e+01
1.319808964158703191e+00 7.985320172108329473e+01
1.320152850681701295e+00 8.048595292331050643e+01
1.320482981743701600e+00 8.109339407744880646e+01
1.320881890110300105e+00 8.182738547203240387e+01
1.319526977209900309e+00 8.488990129081240354e+01
1.339726871568000632e+00 7.205770690964310177e+01
1.337161478106800416e+00 7.289293849658309910e+01
1.338055583066402932e+00 7.453809162237409680e+01
1.339403618236403304e+00 7.701847633510500657e+01
1.338475124624402213e+00 8.086560364464689599e+01
1.337642919238902550e+00 8.488990129081240354e+01
1.357842813596903397e+00 7.205770690964310177e+01
1.358296743807201779e+00 7.289293849658309910e+01
1.359190848766900217e+00 7.453809162237409680e+01
1.357505804804500116e+00 7.699316628701599541e+01
1.357457660691203216e+00 8.246013667425970084e+01
1.380002861135800174e+00 7.949886104783600160e+01
1.380394891772002808e+00 8.577575297393069320e+01
1.380388014041500355e+00 9.131865350544170212e+01
1.397451663310302905e+00 8.382687927107059522e+01
1.397004610830400395e+00 8.855985826373070324e+01
1.418586929010800191e+00 8.382687927107059522e+01
1.418139876530901233e+00 8.855985826373070324e+01
1.441331583638699954e+00 8.678815489749429446e+01
1.439013788473999966e+00 8.807896735003799904e+01
1.440238024495702263e+00 9.033156162996709782e+01
1.458353966524700951e+00 9.033156162996709782e+01
1.479104079319402132e+00 8.962288028347249735e+01
1.497220021348400820e+00 8.962288028347249735e+01
1.518025155986901353e+00 8.901543912933439628e+01
1.538816535164400534e+00 8.838268792710709931e+01
1.556753656201500746e+00 8.805365730194890261e+01
1.577682589988203432e+00 8.767400658061249885e+01
1.601493292837201210e+00 8.704125537838520188e+01
1.619334125647799993e+00 8.653505441660340125e+01
1.640221793051800603e+00 8.607947355099979347e+01
1.658337735080802844e+00 8.607947355099979347e+01
1.679156625180102225e+00 8.549734244495060409e+01
1.700030537123200958e+00 8.501645153125789989e+01
1.718146479152203199e+00 8.501645153125789989e+01
1.738992880173402256e+00 8.448494052138700283e+01
1.759839281194601313e+00 8.395342951151610578e+01
1.778498563929801435e+00 7.939762085547960169e+01
1.779282625202203150e+00 8.084029359655779956e+01
1.777349982943203344e+00 8.283978739559600513e+01
1.800170292606100730e+00 8.038471273095420599e+01
1.818107413643200942e+00 8.005568210579599508e+01
1.837426958502501151e+00 7.671475575803590630e+01
1.858789189308101442e+00 7.157681599595039756e+01
1.877214629207703211e+00 6.659073652239939634e+01
1.876877620415299930e+00 7.152619589977220471e+01
1.876898253606601230e+00 7.711971652746140649e+01
1.899869873339699922e+00 6.383194128068839746e+01
1.898012886115701292e+00 7.152619589977220471e+01
1.919767147557500664e+00 5.044292584155910220e+01
1.920688763439002855e+00 5.213869906352820038e+01
1.921569112937802970e+00 5.375854214123010166e+01
1.920097278619600445e+00 6.216147810680840280e+01
1.937883089586502905e+00 5.044292584155910220e+01
1.938804705468001544e+00 5.213869906352820038e+01
1.939279268869700701e+00 5.856745127815739949e+01
1.958887678408302691e+00 4.464692482915720007e+01
1.960242591308702487e+00 5.269552012148820097e+01
1.978915629504900409e+00 4.816502151354089989e+01
1.979967922265100100e+00 5.565679574791190021e+01
1.999122401593400156e+00 4.090103771197170346e+01
1.999425021733600261e+00 4.145785876993169694e+01
1.998290196207801017e+00 4.492533535813719681e+01
1.998365851242901670e+00 5.062009617818269902e+01
1.998083864294102341e+00 5.565679574791190021e+01
2.020257667293900994e+00 4.090103771197170346e+01
2.020560287434101099e+00 4.145785876993169694e+01
2.019425461908301855e+00 4.492533535813719681e+01
2.018730811132002145e+00 4.920273348519359757e+01
2.038607452158501587e+00 4.133130852948620060e+01
2.058532237298202006e+00 3.910402429764619825e+01
2.059976560694501302e+00 4.176157934700079721e+01
2.081600145257603174e+00 3.710453049860790031e+01
2.080203965974401825e+00 4.009111617312070308e+01
2.099716087286601862e+00 3.710453049860790031e+01
2.098319908003400514e+00 4.009111617312070308e+01
2.119737160652700680e+00 3.505441660339150189e+01
2.118340981369602360e+00 3.804100227790429756e+01
2.139606923948800699e+00 3.272589217919509963e+01
2.157812276473702440e+00 2.733485193621870124e+01
2.159710530080403146e+00 3.082763857251330109e+01
2.179607804298303364e+00 2.854973424449509878e+01
2.181107149538302536e+00 3.130852948620600174e+01
2.178720577069000797e+00 3.247279169830419931e+01
2.197723746327202576e+00 2.854973424449509878e+01
2.199223091567301225e+00 3.130852948620600174e+01
2.218281282669202881e+00 2.748671222475320164e+01
2.241638055307902277e+00 2.601872943558590023e+01
2.259451377196700861e+00 2.546190837762589965e+01
2.280380310983399994e+00 2.508225765628949944e+01
2.300896580942602299e+00 2.394330549228039828e+01
2.318407282691200777e+00 2.282966337636040066e+01
2.339019840876801481e+00 2.186788154897489989e+01
2.357135782905800170e+00 2.186788154897489989e+01
2.377762096552302751e+00 2.093140976967859856e+01
2.378312314989003085e+00 2.194381169324219982e+01
2.398952384096400436e+00 2.103264996203489900e+01
2.417082081586301001e+00 2.105796001012399898e+01
2.438203591825899963e+00 2.103264996203489900e+01
2.459421390291900877e+00 2.118451025056949888e+01
2.477716153312801595e+00 2.151354087572769913e+01
2.498851419013302433e+00 2.151354087572769913e+01
2.517146182034203150e+00 2.184257150088589938e+01
2.538405246883002064e+00 2.207036193368769972e+01
2.559623045349002979e+00 2.222222222222220012e+01
2.577738987377902191e+00 2.222222222222220012e+01
2.598998052226701105e+00 2.245001265502400045e+01
2.620105807005302267e+00 2.239939255884589997e+01
2.638180482651602432e+00 2.232346241457860003e+01
2.659315748352000242e+00 2.232346241457860003e+01
2.677349157615502406e+00 2.217160212604400016e+01
2.698388135089601292e+00 2.199443178942039978e+01
2.719454623485500377e+00 2.186788154897489989e+01
2.737570565514502618e+00 2.186788154897489989e+01
2.758582032066701828e+00 2.164009111617309955e+01
2.779648520462600914e+00 2.151354087572769913e+01
2.797764462491603155e+00 2.151354087572769913e+01
2.818775929043802364e+00 2.128575044292579932e+01
2.836754316463601100e+00 2.103264996203489900e+01
2.857710761172100433e+00 2.070361933687669875e+01
2.878859782333503148e+00 2.072892938496579873e+01
2.899802471581200081e+00 2.037458871171860153e+01
2.920813938133402843e+00 2.014679827891670172e+01
2.938682281865901302e+00 1.969121741331310105e+01
2.959831303027300464e+00 1.971652746140220103e+01
2.980870280501303426e+00 1.953935712477850117e+01
2.998876178842902362e+00 1.933687674006580082e+01
3.019901400856102924e+00 1.913439635535310046e+01
3.041036666556600210e+00 1.913439635535310046e+01
3.059125097663702775e+00 1.908377625917490050e+01
3.080191586059601860e+00 1.895722601872940061e+01
3.101271829916402822e+00 1.885598582637310017e+01
3.119387771945401511e+00 1.885598582637310017e+01
3.140468015802202473e+00 1.875474563401670025e+01
3.158542691448502637e+00 1.867881548974940031e+01
3.179677957148900447e+00 1.867881548974940031e+01
3.200813222849401285e+00 1.867881548974940031e+01
3.218929164878399973e+00 1.867881548974940031e+01
3.240133207883502564e+00 1.880536573019490021e+01
3.258249149912501252e+00 1.880536573019490021e+01
3.279439437456602491e+00 1.890660592255130013e+01
3.300643480461701529e+00 1.903315616299670054e+01
3.318800688873402294e+00 1.910908630726400048e+01
3.339935954573903132e+00 1.910908630726400048e+01
3.361112486657201970e+00 1.918501645153130042e+01
3.379269695068902735e+00 1.926094659579850088e+01
3.400404960769400020e+00 1.926094659579850088e+01
3.418520902798402261e+00 1.926094659579850088e+01
3.439559880272401671e+00 1.908377625917490050e+01
3.460557591363702556e+00 1.883067577828400019e+01
3.478563489705400968e+00 1.862819539357120036e+01
3.499698755405802331e+00 1.862819539357120036e+01
3.520710221958101016e+00 1.840040496076940002e+01
3.538716120299699952e+00 1.819792457605669966e+01
3.559741342312801038e+00 1.799544419134399931e+01
3.577857284341803279e+00 1.799544419134399931e+01
3.598951283659602041e+00 1.791951404707669937e+01
3.620114060281903079e+00 1.797013414325489933e+01
3.638230002310901767e+00 1.797013414325489933e+01
3.659406534394101129e+00 1.804606428752209979e+01
3.680610577399200167e+00 1.817261452796759968e+01
3.698795296732800608e+00 1.829916476841309958e+01
3.719930562433201970e+00 1.829916476841309958e+01
3.738115281766802411e+00 1.842571500885850000e+01
3.759278058389103450e+00 1.847633510503669996e+01
3.780495856855100811e+00 1.862819539357120036e+01
3.798611798884103052e+00 1.862819539357120036e+01
3.819857108271900614e+00 1.883067577828400019e+01
3.841074906737901529e+00 1.898253606681850059e+01
3.859218359688700417e+00 1.903315616299670054e+01
3.880353625389201255e+00 1.903315616299670054e+01
3.898524589261903373e+00 1.913439635535310046e+01
3.919728632267002411e+00 1.926094659579850088e+01
3.940918919811100096e+00 1.936218678815490080e+01
3.959034861840102337e+00 1.936218678815490080e+01
3.980266415767001575e+00 1.953935712477850117e+01
3.998506156944301893e+00 1.976714755758040098e+01
4.019641422644703255e+00 1.976714755758040098e+01
4.040927998415302369e+00 2.004555808656040128e+01
4.059181495053501010e+00 2.029865856745130159e+01
4.077407480769799974e+00 2.050113895216399840e+01
4.098542746470300813e+00 2.050113895216399840e+01
4.116823754030303206e+00 2.080485952923309867e+01
4.138096574340000444e+00 2.105796001012399898e+01
4.159286861884101683e+00 2.115920020248039890e+01
4.177402803913100371e+00 2.115920020248039890e+01
4.198469292309003009e+00 2.103264996203489900e+01
4.216406413346000193e+00 2.070361933687669875e+01
4.237445390820102631e+00 2.052644900025309838e+01
4.261476181043800437e+00 2.029865856745130159e+01
4.279440813002700850e+00 2.002024803847130130e+01
4.300355991328501659e+00 1.961528726904580111e+01
4.321394968802602321e+00 1.943811693242220073e+01
4.339414622605101357e+00 1.926094659579850088e+01
4.360357311852801843e+00 1.890660592255130013e+01
4.378376965655300879e+00 1.872943558592760027e+01
4.399512231355801717e+00 1.872943558592760027e+01
4.420564964290802479e+00 1.857757529739309987e+01
4.438680906319801167e+00 1.857757529739309987e+01
4.459774905637502229e+00 1.850164515312579994e+01
4.480910171338001291e+00 1.850164515312579994e+01
4.499012357906002180e+00 1.847633510503669996e+01
4.520147623606501242e+00 1.847633510503669996e+01
4.538249810174601606e+00 1.845102505694759998e+01
4.559385075875102444e+00 1.845102505694759998e+01
4.580479075192801730e+00 1.837509491268030004e+01
4.598457462612602242e+00 1.812199443178939973e+01
4.619427662782101152e+00 1.781827385472029945e+01
4.640562928482601990e+00 1.781827385472029945e+01
4.658527560441401150e+00 1.753986332574029916e+01
4.679456494228201535e+00 1.716021260440389895e+01
4.697572436257102524e+00 1.716021260440389895e+01
4.718432592739301157e+00 1.665401164262209832e+01
4.739471570213302343e+00 1.647684130599850150e+01
4.757422446711300879e+00 1.617312072892940122e+01
4.778557712411801717e+00 1.617312072892940122e+01
4.799692978112302555e+00 1.617312072892940122e+01
4.817808920141201767e+00 1.617312072892940122e+01
4.839026718607200905e+00 1.632498101746390162e+01
4.857142660636201370e+00 1.632498101746390162e+01
4.878319192719501984e+00 1.640091116173120156e+01
4.899495724802701346e+00 1.647684130599850150e+01
4.917707955058101987e+00 1.665401164262209832e+01
4.938843220758601049e+00 1.665401164262209832e+01
4.960102285607302264e+00 1.688180207542389866e+01
4.978479581393802533e+00 1.736269298911669878e+01
5.000013755460901876e+00 1.809668438370029975e+01
5.018129697489902341e+00 1.809668438370029975e+01
5.039760159783401861e+00 1.900784611490760057e+01
5.061363111155101180e+00 1.986838774993670143e+01
5.079479053184101645e+00 1.986838774993670143e+01
5.098158969110702543e+00 2.090609972158949859e+01
5.119926986013402015e+00 2.207036193368769972e+01
5.138331792721702485e+00 2.260187294355860033e+01
5.159467058422102070e+00 2.260187294355860033e+01
5.177775576904002364e+00 2.295621361680590056e+01
5.198773287995301473e+00 2.270311313591500024e+01
5.219592178094702106e+00 2.212098202986589968e+01
5.237708120123601319e+00 2.212098202986589968e+01
5.258430721996601775e+00 2.136168058719309926e+01
5.279112057486802456e+00 2.052644900025309838e+01
5.300164790421701966e+00 2.037458871171860153e+01
5.321066213286600899e+00 1.994431789420400136e+01
5.338755736027200882e+00 1.915970640344220044e+01
5.359712180735701992e+00 1.883067577828400019e+01
5.380641114522401125e+00 1.845102505694759998e+01
5.398757056551401590e+00 1.845102505694759998e+01
5.419699745799000823e+00 1.809668438370029975e+01
5.440697456890301709e+00 1.784358390280939943e+01
5.458813398919302173e+00 1.784358390280939943e+01
5.479769843627900983e+00 1.751455327765119918e+01
5.497720720125801819e+00 1.721083270058209891e+01
5.518732186678102281e+00 1.698304226778029857e+01
5.539867452378501866e+00 1.698304226778029857e+01
5.557859595259301955e+00 1.675525183497849824e+01
5.578884817272401264e+00 1.655277145026580143e+01
5.600033838433802202e+00 1.657808149835479838e+01
5.618149780462800891e+00 1.657808149835479838e+01
5.639188757936901553e+00 1.640091116173120156e+01
5.657249678122202141e+00 1.629967096937480164e+01
5.678371188361701627e+00 1.627436092128570166e+01
5.699506454062202465e+00 1.627436092128570166e+01
5.717567374247501277e+00 1.617312072892940122e+01
5.738702639948002115e+00 1.617312072892940122e+01
5.756818581977002580e+00 1.617312072892940122e+01
5.778118913208501795e+00 1.647684130599850150e+01
5.799460510822701309e+00 1.685649202733490171e+01
5.818002872140201731e+00 1.764110351809669908e+01
5.839138137840702569e+00 1.764110351809669908e+01
5.860658556446901812e+00 1.834978486459120006e+01
5.879214673225201082e+00 1.915970640344220044e+01
5.900790113675101978e+00 1.996962794229310134e+01
5.898554851275902067e+00 2.141230068337129921e+01
5.918906055704102442e+00 1.996962794229310134e+01
5.916670793304902531e+00 2.141230068337129921e+01
5.937462172482401712e+00 2.077954948114399869e+01
5.958831281018500903e+00 2.120982029865859886e+01
5.976947223047501367e+00 2.120982029865859886e+01
5.998151266052602182e+00 2.133637053910399928e+01
6.019259020831201568e+00 2.128575044292579932e+01
6.037319941016502156e+00 2.118451025056949888e+01
6.058455206717001218e+00 2.118451025056949888e+01
6.076529882363201907e+00 2.110858010630219894e+01
6.097596370759100992e+00 2.098202986585669905e+01
6.118717880998701730e+00 2.095671981776769854e+01
6.136833823027702195e+00 2.095671981776769854e+01
6.158010355110901557e+00 2.103264996203489900e+01
6.179296930881502448e+00 2.131106049101489930e+01
6.197577938441501288e+00 2.161478106808399957e+01
6.218713204142002127e+00 2.161478106808399957e+01
6.237118010850300820e+00 2.214629207795499966e+01
6.258542141230002187e+00 2.267780308782590026e+01
6.280035048914401230e+00 2.333586433814220129e+01
6.298150990943401695e+00 2.333586433814220129e+01
6.319506344018501309e+00 2.374082510756770148e+01
6.340875452554602276e+00 2.417109592508230165e+01
6.358991394583600965e+00 2.417109592508230165e+01
6.380071638440401927e+00 2.406985573272590173e+01
6.397912471251002486e+00 2.356365477094410110e+01
6.418635073124001167e+00 2.280435332827130068e+01
6.439770338824502005e+00 2.280435332827130068e+01
6.457446106104102412e+00 2.199443178942039978e+01
6.477976131524201264e+00 2.088078967350039861e+01
6.498753755240802121e+00 2.022272842318400166e+01
6.519902776402201283e+00 2.024803847127310164e+01
6.540694155579702240e+00 1.961528726904580111e+01
6.558507477468500824e+00 1.905846621108580052e+01
6.579395144872501433e+00 1.860288534548219985e+01
6.600530410572901019e+00 1.860288534548219985e+01
6.618495042531801431e+00 1.832447481650219956e+01
6.639575286388602393e+00 1.822323462414579964e+01
6.660683041167301255e+00 1.817261452796759968e+01
6.678798983196301720e+00 1.817261452796759968e+01
6.699837960670301129e+00 1.799544419134399931e+01
6.717898880855701194e+00 1.789420399898759939e+01
6.738786548259602327e+00 1.743862313338399872e+01
6.759921813960101389e+00 1.743862313338399872e+01
6.777872690458101701e+00 1.713490255631489845e+01
6.798113851198902324e+00 1.548974943052390074e+01
6.798815379705700934e+00 1.678056188306760177e+01
6.818918985837301605e+00 1.488230827638570020e+01
6.819634269805101567e+00 1.619843077701850120e+01
6.837021172405401970e+00 1.485699822829660022e+01
6.837750211834002556e+00 1.619843077701850120e+01
6.858335259097801284e+00 1.518602885345480047e+01
6.879016594588001965e+00 1.435079726651479959e+01
6.899931772913800998e+00 1.394583649708929940e+01
6.920915728544201784e+00 1.366742596810930088e+01
6.938825338659402320e+00 1.328777524677300015e+01
6.960056892586301558e+00 1.346494558339660053e+01
6.981247180130502272e+00 1.356618577575300044e+01
6.999927096057101394e+00 1.460389774740569990e+01
7.018717055671102045e+00 1.584409010377119920e+01
7.037960945495301601e+00 1.791951404707669937e+01
7.059137477578602216e+00 1.799544419134399931e+01
7.081455712918002021e+00 2.017210832700580170e+01
7.097776567297200856e+00 2.242470260693499995e+01
7.119090653989601947e+00 2.275373323209310072e+01
7.141133780110701323e+00 2.442419640597319841e+01
7.159951250646502174e+00 2.571500885851679996e+01
7.178947542174201502e+00 2.733485193621870124e+01
7.197063484203201966e+00 2.733485193621870124e+01
7.218776479262201562e+00 2.839787395596049890e+01
7.240489474321302410e+00 2.946089597570239960e+01
7.258605416350201622e+00 2.946089597570239960e+01
7.280290900487401018e+00 3.047329789926600085e+01
7.298805750883001764e+00 3.120728929384970129e+01
7.317375623122302386e+00 3.204252088078970218e+01
7.338510888822801448e+00 3.204252088078970218e+01
7.357575957655102528e+00 3.378891419893700032e+01
7.379522795549801728e+00 3.528220703619339815e+01
7.401222035147901224e+00 3.631991900784610294e+01
7.416841361020301449e+00 3.728170083523159661e+01
7.439324661890701407e+00 3.976208554796249928e+01
7.460157307451002140e+00 3.920526449000249869e+01
7.458252176113902010e+00 4.125537838521889711e+01
7.459724010432100982e+00 4.396355353075170314e+01
7.478273249480000828e+00 3.920526449000249869e+01
7.479401197275301172e+00 4.128068843330800064e+01
7.477839952461101447e+00 4.396355353075170314e+01
7.500701528506802163e+00 4.158440901037710091e+01
7.499222816458102514e+00 4.441913439635540328e+01
7.500942249072801715e+00 4.758289040749180288e+01
7.518452950821401970e+00 4.646924829157180170e+01
7.539588216521901032e+00 4.646924829157180170e+01
7.559966931871901608e+00 4.507719564667169720e+01
7.561411255268302156e+00 4.773475069602630327e+01
7.579252088078900940e+00 4.722854973424450264e+01
7.599355694210601087e+00 4.533029612756259752e+01
7.620855479625401330e+00 4.044545684636800331e+01
7.620490959911002449e+00 4.533029612756259752e+01
7.637300133152802317e+00 4.292584155909899835e+01
7.639005810306601418e+00 4.606428752214630151e+01
7.660313019268601309e+00 4.082510756770439997e+01
7.659370770195701894e+00 4.464692482915720007e+01
7.678422083567101097e+00 3.525689698810430173e+01
7.677273502580501230e+00 3.869906352822069806e+01
7.697679728852302006e+00 3.735763097949890010e+01
7.718044688741402481e+00 3.594026828650969918e+01
7.738079517568401400e+00 3.391546443938239719e+01
7.737178534878301761e+00 3.781321184510250077e+01
7.758471988379302076e+00 3.254872184257150280e+01
7.778768170963802575e+00 3.100480890913690146e+01
7.799903436664301637e+00 3.100480890913690146e+01
7.820612283076302518e+00 3.022019741837510054e+01
7.838315561277800825e+00 2.946089597570239960e+01
7.859106940455301782e+00 2.882814477347509907e+01
7.880242206155800844e+00 2.882814477347509907e+01
7.897876707052700951e+00 2.794229309035689823e+01
7.918434243394601779e+00 2.687927107061500109e+01
7.939019290658301031e+00 2.586686914705139984e+01
7.960168311819701970e+00 2.589217919514049981e+01
7.978745061789501491e+00 2.118451025056949888e+01
7.980395717099602493e+00 2.422171602126039858e+01
7.997576287786202442e+00 2.250063275120220041e+01
8.017858714909801066e+00 2.093140976967859856e+01
8.038993980610301904e+00 2.093140976967859856e+01
8.059083831281002475e+00 1.900784611490760057e+01
8.079022371881601217e+00 1.680587193115670175e+01
8.099125978013201888e+00 1.490761832447480018e+01
8.117241920042202352e+00 1.490761832447480018e+01
8.140667469985501725e+00 1.356618577575300044e+01
8.158260704499602056e+00 1.260440394836749967e+01
8.178969550911702413e+00 1.181979245760570052e+01
8.200104816612101999e+00 1.181979245760570052e+01
8.218289535945702440e+00 1.194634269805109916e+01
8.239507334411701578e+00 1.209820298658570081e+01
8.257760831049901995e+00 1.235130346747659935e+01
8.278896096750401057e+00 1.235130346747659935e+01
8.300210183442802148e+00 1.268033409263479960e+01
8.318491191002800988e+00 1.298405466970389988e+01
8.339722744929702003e+00 1.316122500632750025e+01
8.360858010630201065e+00 1.316122500632750025e+01
8.379152773651101782e+00 1.349025563148570050e+01
8.400453104882600996e+00 1.379397620855480078e+01
8.418569046911601461e+00 1.379397620855480078e+01
8.439828111760300899e+00 1.402176664135659934e+01
8.461073421148102014e+00 1.422424702606939917e+01
8.479340673247202531e+00 1.450265755504939946e+01
8.500475938947701593e+00 1.450265755504939946e+01
8.518770701968602310e+00 1.483168818020750024e+01
8.537285552364201280e+00 1.556567957479120068e+01
8.539101273205401910e+00 1.890660592255130013e+01
8.559548765860002462e+00 1.764110351809669908e+01
8.577664707889001150e+00 1.764110351809669908e+01
8.576543637824201483e+00 2.113389015439129892e+01
8.597747680829201045e+00 2.126044039483669934e+01
8.620746811484101713e+00 1.913439635535310046e+01
8.618594081850401878e+00 2.072892938496579873e+01
8.621331418573101146e+00 2.576562895469499992e+01
8.638862753513102177e+00 1.913439635535310046e+01
8.636710023879402343e+00 2.072892938496579873e+01
8.639447360602101611e+00 2.576562895469499992e+01
8.659736665456101434e+00 2.976461655277149987e+01
8.680191035841200886e+00 3.406732472791699706e+01
8.698306977870201351e+00 3.406732472791699706e+01
8.720700868244602333e+00 3.082763857251330109e+01
8.718692570950601350e+00 3.824348266261709739e+01
8.718520627689102298e+00 4.348266261705899893e+01
8.738844321195502474e+00 4.198936977980260110e+01
8.759979586895902059e+00 4.198936977980260110e+01
8.780688433308002416e+00 4.120475828904069715e+01
8.779704917852301449e+00 4.495064540622630034e+01
8.778872712466801786e+00 4.897494305239180079e+01
8.797036798609001451e+00 4.350797266514810246e+01
8.797531995202001909e+00 4.441913439635540328e+01
8.799168895051302286e+00 4.743103011895720300e+01
8.797979047681900866e+00 5.079726651480640243e+01
8.820758090962101505e+00 4.826626170589720033e+01
8.819114313382401704e+00 5.079726651480640243e+01
8.839204164053102275e+00 4.887370286003540087e+01
8.837752962926201050e+00 5.175904834219179662e+01
8.858874473165801788e+00 5.173373829410279967e+01
8.879376987664102217e+00 5.056947608200459854e+01
8.879748385108801045e+00 5.125284738041000310e+01
8.881233974888001370e+00 5.398633257403189845e+01
8.897492929693001429e+00 5.056947608200459854e+01
8.897864327137801510e+00 5.125284738041000310e+01
8.899349916917001835e+00 5.398633257403189845e+01
8.918607562202101491e+00 5.608706656542649682e+01
8.920189440207701992e+00 5.899772209567200321e+01
8.940884531158800996e+00 5.818780055682110230e+01
8.959000473187801461e+00 5.818780055682110230e+01
8.979461721303302113e+00 5.694760820045559768e+01
8.980878533777902462e+00 5.955454315363199669e+01
8.999957358071101865e+00 6.132624651986839837e+01
9.019159981512601121e+00 6.332574031890659683e+01
9.040295247213101959e+00 6.332574031890659683e+01
9.058163590945602195e+00 6.287015945330300326e+01
9.059222761436201310e+00 6.481903315616300176e+01
9.057372651942801056e+00 6.697038724373580010e+01
9.078246563885802090e+00 6.648949633004299642e+01
9.099601916961001180e+00 6.689445709946849661e+01
9.118006723669202174e+00 6.742596810933939366e+01
9.139884784259301398e+00 6.879271070615030226e+01
9.158124525436502239e+00 6.902050113895219852e+01
9.179259791137001301e+00 6.902050113895219852e+01
9.200422567759401815e+00 6.907112123513030610e+01
9.218318422413600999e+00 6.866616046570490539e+01
9.239219845278501708e+00 6.823588964819029457e+01
9.260355110979002546e+00 6.823588964819029457e+01
9.278264721094201306e+00 6.785623892685400449e+01
9.299166143959102016e+00 6.742596810933939366e+01
9.320095077745801149e+00 6.704631738800300411e+01
9.338100976087501337e+00 6.684383700329030376e+01
9.358699778812102466e+00 6.585674512781569945e+01
9.378184389202502302e+00 6.281953935712480330e+01
9.379394869763201470e+00 6.504682358896479855e+01
9.399952406105201774e+00 6.398380156922299733e+01
9.420840073509101131e+00 6.352822070361929718e+01
9.438185709726701234e+00 6.211085801063020284e+01
9.458248049475601604e+00 6.013667425968110081e+01
9.459609840106502077e+00 6.264236902050109990e+01
9.478461699294602028e+00 5.844090103771200262e+01
9.477725782135502541e+00 6.264236902050109990e+01
9.499610720456001189e+00 5.846621108580109905e+01
9.520016946727801965e+00 5.712477853707920161e+01
9.537403849328102368e+00 5.578334598835739655e+01
9.557658765529902567e+00 5.416350291065550238e+01
9.578794031230302153e+00 5.416350291065550238e+01
9.597205715669101522e+00 4.915211338901539762e+01
9.598773838213702447e+00 5.203745887117189994e+01
9.618932466189001218e+00 5.024044545684640184e+01
9.639036072320701365e+00 4.834219185016449671e+01
9.640617950326202390e+00 5.125284738041000310e+01
9.660171338021100951e+00 4.834219185016449671e+01
9.658733892355201078e+00 5.125284738041000310e+01
9.680261188691900998e+00 4.641862819539360174e+01
9.697207916542801343e+00 4.426727410782080341e+01
9.698528440790902039e+00 4.669703872437359848e+01
9.717586631892801918e+00 4.287522146292079839e+01
9.740929649070601215e+00 4.138192862566440056e+01
9.739175827803601138e+00 4.371045304986080282e+01
9.759045591099601680e+00 4.138192862566440056e+01
9.779396795527802055e+00 3.993925588458620268e+01
9.799913065486901331e+00 3.880030372057709798e+01
9.819892872470301626e+00 3.667425968109340317e+01
9.818029007515901796e+00 3.880030372057709798e+01
9.838366456483202072e+00 3.733232093140979657e+01
9.858951503746901324e+00 3.631991900784610294e+01
9.879302708175101699e+00 3.487724626676789796e+01
9.899736445368802151e+00 3.358643381422429997e+01
9.917852387397701364e+00 3.358643381422429997e+01
9.938272369130501716e+00 3.227031131359149896e+01
9.958637329019602191e+00 3.085294862060240106e+01
9.978672157846601110e+00 2.882814477347509907e+01
9.977482310477201466e+00 3.219438116932420257e+01
9.999807423547101948e+00 2.882814477347509907e+01
1.001698799423370190e+01 2.710706150341690090e+01
1.004011092403680117e+01 2.520880789673499933e+01
1.005996693187190161e+01 2.285497342444950064e+01
1.006149378803380223e+01 2.566438876233860000e+01
1.007808287390090207e+01 2.285497342444950064e+01
1.007960973006280092e+01 2.566438876233860000e+01
1.009839281194630090e+01 2.133637053910399928e+01
1.011870274999170149e+01 1.981776765375850147e+01
1.013938408548190218e+01 1.898253606681850059e+01
1.016051935118240124e+01 1.898253606681850059e+01
1.017827765122750172e+01 1.832447481650219956e+01
1.019917907409240243e+01 1.789420399898759939e+01
1.022016302972270196e+01 1.761579347000759910e+01
1.023827897175170243e+01 1.761579347000759910e+01
1.025923541646030124e+01 1.728676284484939885e+01
1.028015059478610205e+01 1.688180207542389866e+01
1.029825278135410116e+01 1.685649202733490171e+01
1.031938804705463220e+01 1.685649202733490171e+01
1.033773783191922213e+01 1.728676284484939885e+01
1.035936829421275185e+01 1.819792457605669966e+01
1.038079242459251184e+01 1.872943558592760027e+01
1.039933478590996252e+01 1.951404707668940119e+01
1.042026371969667231e+01 1.913439635535310046e+01
1.041828981105494201e+01 2.105796001012399898e+01
1.044012660526224145e+01 2.234877246266770001e+01
1.045824254729123126e+01 2.234877246266770001e+01
1.048032693979505225e+01 2.409516578081500171e+01
1.049950205231472111e+01 2.604403948367500021e+01
1.051801690271033252e+01 2.677803087825870065e+01
1.054048644811986257e+01 2.923310554290049978e+01
1.055772891838055116e+01 3.318147304479879978e+01
1.058048045073889121e+01 3.059984813971150075e+01
1.058032226293834199e+01 3.586433814224250227e+01
1.059859639276788101e+01 3.059984813971150075e+01
1.059978624013729132e+01 3.834472285497339783e+01
1.061833547918519116e+01 4.469754492533540002e+01
1.064058493722003185e+01 4.674765882055179844e+01
1.065827445996056255e+01 4.596304732978990160e+01
1.065890033343232091e+01 5.267021007339909744e+01
1.068019378693336208e+01 4.740572007086809947e+01
1.067848810977953100e+01 5.537838521893190347e+01
1.069893560243412090e+01 5.411288281447730242e+01
1.069989848469837135e+01 5.588458618071369699e+01
1.069872239278989134e+01 5.927613262465199995e+01
1.071705154446310182e+01 5.411288281447730242e+01
1.071801442672736115e+01 5.588458618071369699e+01
1.071742981963835106e+01 6.036446469248289759e+01
1.073977556589961146e+01 6.259174892432299941e+01
1.074116486745233168e+01 6.514806378132119846e+01
1.075892316749745170e+01 6.449000253100480506e+01
1.078025100965078131e+01 6.484434320425209819e+01
1.079901345834291249e+01 6.603391546443940285e+01
1.081785843980055084e+01 6.737534801316120081e+01
1.083899370550103214e+01 6.737534801316120081e+01
1.085764611050582218e+01 6.836243988863580512e+01
1.087970299208781100e+01 7.005821311060489620e+01
1.089850670716269221e+01 7.132371551505950436e+01
1.091662264919168202e+01 7.132371551505950436e+01
1.093843193247714218e+01 7.256390787142500187e+01
1.095912702342825185e+01 7.175398633257400149e+01
1.096035125944995237e+01 7.400658061250319975e+01
1.096160300639349217e+01 7.630979498861050558e+01
1.097724296545724165e+01 7.175398633257400149e+01
1.097846720147894217e+01 7.400658061250319975e+01
1.097971894842247131e+01 7.630979498861050558e+01
1.100046906121725243e+01 7.560111364211590512e+01
1.101969919558060163e+01 7.765122753733230354e+01
1.103854417703823110e+01 7.899266008605420097e+01
1.103993347859095131e+01 8.154897494305240002e+01
1.105967944273872128e+01 7.899266008605420097e+01
1.106106874429143083e+01 8.154897494305240002e+01
1.107871700064921150e+01 8.068843330802330627e+01
1.110045750663008235e+01 8.180207542394329323e+01
1.112170281601791189e+01 8.200455580865599359e+01
1.113984626896873209e+01 8.205517590483420065e+01
1.116081646913820258e+01 8.175145532776510038e+01
1.117824463812129210e+01 8.048595292331050643e+01
1.119939365928269126e+01 8.051126297139960286e+01
1.121968984186717222e+01 7.896735003796510455e+01
1.122084530058428165e+01 8.109339407744880646e+01
1.123722805453760110e+01 7.790432801822319675e+01
1.125767554719219099e+01 7.663882561376870228e+01
1.128159629372856188e+01 7.620855479625410567e+01
1.129929957193001222e+01 7.544925335358139762e+01
1.132004968472479156e+01 7.474057200708679716e+01
1.133775296292623125e+01 7.398127056441410332e+01
1.135888822862672143e+01 7.398127056441410332e+01
1.137972087418700085e+01 7.342444950645409563e+01
1.139757546245855124e+01 7.294355859276130616e+01
1.141835308617516098e+01 7.228549734244499803e+01
1.143948835187565116e+01 7.228549734244499803e+01
1.145738420652994094e+01 7.188053657301949784e+01
1.147823060755115243e+01 7.134902556314860078e+01
1.149871936658849236e+01 7.015945330296129612e+01
1.151985463228897189e+01 7.015945330296129612e+01
1.154024710309988144e+01 6.879271070615030226e+01
1.155713880910717251e+01 6.654011642622120348e+01
1.158001414061378220e+01 6.418628195393570479e+01
1.160093619667003217e+01 5.823842065299920279e+01
1.159991141483164157e+01 6.190837762591750248e+01
1.159905169852427242e+01 6.588205517590479587e+01
1.161905213869901132e+01 5.823842065299920279e+01
1.161802735686062249e+01 6.190837762591750248e+01
1.164079264467989105e+01 5.935206276891930344e+01
1.165754679607799105e+01 5.684636800809919777e+01
1.167765040220963257e+01 5.494811440141739922e+01
1.169878566791011210e+01 5.494811440141739922e+01
1.171928818240837167e+01 5.378385218931919809e+01
1.174012082796865108e+01 5.322703113135909803e+01
1.176126984913006090e+01 5.325234117944820156e+01
1.177938579115904183e+01 5.325234117944820156e+01
1.180074114423421250e+01 5.365730194887370175e+01
1.181904966271605240e+01 5.401164262212100198e+01
1.183722062658871188e+01 5.411288281447730242e+01
1.185846593597653253e+01 5.431536319919010225e+01
1.187652685616185089e+01 5.421412300683370233e+01
1.189991801745288136e+01 4.725385978233359907e+01
1.190048199135052087e+01 4.829157175398629676e+01
1.189958100866039103e+01 5.218931915970640034e+01
1.192147282471136194e+01 4.247026069349529820e+01
1.191910688543347163e+01 4.922804353328270111e+01
1.191903123039842249e+01 5.464439382434829895e+01
1.193958876674035174e+01 4.247026069349529820e+01
1.193722282746245256e+01 4.922804353328270111e+01
1.195832370451064186e+01 4.360921285750440290e+01
1.195881202337323224e+01 5.006327512022269843e+01
1.196007752577768102e+01 5.239179954441910070e+01
1.197986475630820102e+01 3.880030372057709798e+01
1.197999543318693227e+01 4.459630473297900011e+01
1.199845526173886157e+01 3.411794482409519702e+01
1.199905362428879130e+01 4.077448747152620001e+01
1.201961116063072232e+01 2.860035434067319926e+01
1.201852447921820222e+01 3.771197165274610086e+01
1.202018888998928148e+01 4.077448747152620001e+01
1.203902011598600197e+01 1.986838774993670143e+01
1.203772710265971213e+01 2.860035434067319926e+01
1.205994217204225194e+01 2.503163756011139895e+01
1.208107056001228230e+01 1.946342698051130071e+01
1.207892470810907248e+01 2.662617058972410078e+01
1.209754960219202147e+01 1.645153125790940152e+01
1.209682744049383096e+01 2.067830928878759877e+01
1.212074130929974203e+01 1.467982789167299984e+01
1.211797646165523190e+01 2.070361933687669875e+01
1.213884349586781219e+01 1.465451784358389986e+01
1.215959360866259154e+01 1.394583649708929940e+01
1.218068760798032102e+01 1.386990635282210071e+01
1.219873477270471085e+01 1.374335611237660082e+01
1.221987003840520103e+01 1.374335611237660082e+01
1.224096403772293229e+01 1.366742596810930088e+01
1.225902495790824176e+01 1.356618577575300044e+01
1.228014646814781230e+01 1.354087572766390046e+01
1.230128173384829182e+01 1.354087572766390046e+01
1.231942518679911203e+01 1.359149582384210042e+01
1.234060171888235047e+01 1.366742596810930088e+01
1.235871766091133139e+01 1.366742596810930088e+01
1.237997672576008057e+01 1.389521640091120069e+01
1.240116701330423155e+01 1.399645659326749936e+01
1.241935173263781067e+01 1.412300683371299925e+01
1.244048699833829197e+01 1.412300683371299925e+01
1.245869922859370149e+01 1.430017717033659963e+01
1.247715905714564144e+01 1.493292837256390015e+01
1.247787434111337213e+01 1.624905087319670116e+01
1.249906462865753198e+01 1.635029106555300160e+01
1.251718057068651291e+01 1.635029106555300160e+01
1.253938876233860178e+01 1.832447481650219956e+01
1.255881147315479041e+01 2.072892938496579873e+01
1.256088854775341090e+01 2.455074664641859883e+01
1.257692741518378199e+01 2.072892938496579873e+01
1.257900448978240249e+01 2.455074664641859883e+01
1.259969958073350149e+01 2.374082510756770148e+01
1.262055973721563262e+01 2.323462414578590085e+01
1.261909478062786150e+01 2.609465957985320017e+01
1.262106181153913198e+01 2.971399645659329991e+01
1.263760963102347290e+01 2.682865097443690061e+01
1.263917775356812179e+01 2.971399645659329991e+01
1.265951520253536167e+01 2.824601366742599851e+01
1.267875909235962162e+01 3.032143761073150046e+01
1.270052710926233175e+01 3.148569982282970159e+01
1.271864305129131267e+01 3.148569982282970159e+01
1.273696532523407043e+01 3.186535054416599877e+01
1.275810059093455173e+01 3.186535054416599877e+01
1.277924961209595267e+01 3.189066059225509875e+01
1.279735179866402106e+01 3.186535054416599877e+01
1.281843204252083268e+01 3.176411035180969833e+01
1.283654798454982071e+01 3.176411035180969833e+01
1.285768325025030201e+01 3.176411035180969833e+01
1.287898358148180122e+01 3.206783092887879860e+01
1.289788358478311281e+01 3.351050366995699648e+01
1.289939668548409202e+01 3.629460895975699941e+01
1.289978183838979220e+01 3.700329030625159987e+01
1.289732648861593134e+01 3.804100227790429756e+01
1.292060072848916263e+01 3.642115920020250286e+01
1.292031874154034199e+01 4.145785876993169694e+01
1.293870291505723102e+01 3.639584915211339933e+01
1.293843468356933180e+01 4.145785876993169694e+01
1.295818752544755270e+01 3.335864338142239660e+01
1.295875837707565204e+01 3.996456593267529911e+01
1.298021001837725130e+01 4.054669703872440323e+01
1.297976296589741096e+01 4.527967603138449704e+01
1.299832596040623045e+01 4.054669703872440323e+01
1.299787890792640255e+01 4.527967603138449704e+01
1.301819572370226297e+01 4.932928372563910102e+01
1.303809299792013121e+01 4.705137939762089871e+01
1.303848502855629121e+01 5.332827132371549794e+01
1.303839561806032066e+01 5.871931156669199936e+01
1.305963404971769037e+01 5.335358137180460147e+01
1.305953088376080196e+01 5.871931156669199936e+01
1.307981331088437216e+01 5.715008858516829804e+01
1.308020534152053216e+01 6.342698051126299674e+01
1.310009573800794058e+01 5.558086560364459672e+01
1.310028143673033085e+01 6.147810680840289876e+01
1.309975185148499222e+01 6.605922551252849928e+01
1.311898886357879235e+01 6.256643887623390299e+01
1.311786779351397136e+01 6.605922551252849928e+01
1.314155469721474212e+01 6.519868387749940553e+01
1.314098384558665167e+01 6.970387243735760308e+01
1.315864585740534132e+01 6.886864085041760575e+01
1.318042762976897109e+01 7.005821311060489620e+01
1.319936889945303093e+01 7.157681599595039756e+01
1.319842665038015284e+01 7.539863325740320477e+01
1.321720973226366169e+01 7.107061503416859694e+01
1.321965820430706273e+01 7.557580359402679449e+01
1.324069718178112254e+01 7.539863325740320477e+01
1.323960362263814261e+01 7.894203998987599391e+01
1.325881312381010169e+01 7.539863325740320477e+01
1.325781585289355213e+01 7.911921032649959784e+01
1.328007906638931246e+01 8.119463426980510690e+01
1.329913037976072232e+01 8.291571753986329441e+01
1.331724632178970147e+01 8.291571753986329441e+01
1.333880800677864187e+01 8.370032903062519836e+01
1.335724032440874254e+01 8.428246013667430248e+01
1.337859567748391143e+01 8.468742090609970319e+01
1.339973094318439095e+01 8.468742090609970319e+01
1.341808072804899155e+01 8.511769172361429980e+01
1.343938105928049254e+01 8.542141230068340008e+01
1.346077767873841147e+01 8.590230321437610428e+01
1.347889362076740127e+01 8.590230321437610428e+01
1.350026272930348270e+01 8.633257403189070089e+01
1.351872255785542265e+01 8.696532523411789839e+01
1.353985782355590217e+01 8.696532523411789839e+01
1.356128195393566216e+01 8.749683624398889492e+01
1.357674996973794279e+01 8.818020754239429948e+01
1.359813283373494208e+01 8.863578840799800673e+01
1.361926809943543049e+01 8.863578840799800673e+01
1.363761788430002042e+01 8.906605922551250387e+01
1.365865686177408200e+01 8.888888888888889994e+01
1.367946199641253102e+01 8.828144773475069940e+01
1.369744038383233153e+01 8.802834725385980619e+01
1.372098973292392188e+01 8.691470513793980501e+01
1.373828034729783099e+01 8.539610225259430365e+01
1.375871408449149058e+01 8.410528980005059907e+01
1.377984935019198076e+01 8.410528980005059907e+01
1.379716747548772204e+01 8.263730701088330477e+01
1.382057926997013197e+01 8.127056441407239618e+01
1.383785612888312144e+01 7.972665148063779839e+01
1.385899139458360096e+01 7.972665148063779839e+01
1.387961770823012131e+01 7.879017970134140114e+01
1.389733474189248241e+01 7.805618830675780373e+01
1.391822240929644039e+01 7.760060744115409648e+01
1.393935767499693057e+01 7.760060744115409648e+01
1.395726728511214176e+01 7.722095671981780640e+01
1.397823748528161047e+01 7.691723614274870613e+01
1.399912515268557200e+01 7.646165527714499888e+01
1.401724109471455293e+01 7.646165527714499888e+01
1.404118935217276132e+01 7.608200455580869459e+01
1.405900267406155280e+01 7.552518349784860163e+01
1.407978029777817142e+01 7.486712224753229350e+01
1.410091556347865094e+01 7.486712224753229350e+01
1.411856381983643161e+01 7.400658061250319975e+01
1.413924515532662163e+01 7.317134902556310294e+01
1.415911491862264171e+01 7.084282460136670068e+01
1.415712725452000242e+01 7.274107820804860580e+01
1.418025018432313189e+01 7.084282460136670068e+01
1.417800116646304076e+01 7.226018729435590160e+01
1.419868250195323256e+01 7.142495570741580480e+01
1.421838719971824183e+01 6.879271070615030226e+01
1.421936383744342081e+01 7.058972412047579326e+01
1.423853207223263162e+01 6.697038724373580010e+01
1.423996264016810187e+01 6.960263224500130264e+01
1.425966733793311292e+01 6.697038724373580010e+01
1.426094659579848134e+01 6.932422171602129879e+01
1.427831974293790296e+01 6.795747911921030493e+01
1.429853339275688207e+01 6.626170589724119964e+01
1.429990893884867198e+01 6.879271070615030226e+01
1.432034955377280205e+01 6.195899772209570244e+01
1.431873328711494153e+01 6.454062262718299792e+01
1.431993001221480100e+01 6.674259681093390384e+01
1.431747466244094191e+01 6.778030878258670100e+01
1.431802488087766179e+01 6.879271070615030226e+01
1.433846549580178120e+01 6.195899772209570244e+01
1.433988230827634069e+01 6.456593267527209434e+01
1.433804595424379258e+01 6.674259681093390384e+01
1.435994464802522153e+01 6.259174892432299941e+01
1.437724901786004139e+01 6.109845608706660158e+01
1.440042696950685297e+01 5.930144267274110348e+01
1.439860437093521206e+01 6.150341685649200230e+01
1.442156223520733249e+01 5.930144267274110348e+01
1.441973963663570046e+01 6.150341685649200230e+01
1.443790372277789302e+01 5.603644646924829686e+01
1.443919673610418286e+01 5.841559098962289909e+01
1.443973319907999198e+01 5.940268286509739681e+01
1.446037326818742130e+01 4.738041002277900304e+01
1.446085470931955186e+01 4.826626170589720033e+01
1.445834433770202132e+01 4.920273348519359757e+01
1.446058647783165085e+01 5.332827132371549794e+01
1.445982304975070143e+01 5.747911921032650184e+01
1.447956901389847140e+01 4.381169324221720274e+01
1.448013298779611091e+01 4.484940521386990042e+01
1.448018113190932254e+01 5.049354593773730215e+01
1.447980285673407153e+01 5.535307517084279993e+01
1.448005045503060195e+01 5.580865603644650008e+01
1.449965198683873169e+01 4.743103011895720300e+01
1.449791879876306133e+01 5.535307517084279993e+01
1.449816639705958110e+01 5.580865603644650008e+01
1.451941170644741064e+01 3.378891419893700032e+01
1.451979685935311082e+01 3.449759554543150131e+01
1.452085602984380230e+01 3.644646924829159929e+01
1.451938419552557136e+01 4.484940521386990042e+01
1.451996880261459211e+01 5.148063781321189936e+01
1.452034020005937265e+01 5.216400911161729681e+01
1.453752764847640222e+01 3.378891419893700032e+01
1.453791280138210240e+01 3.449759554543150131e+01
1.453805723372174086e+01 4.031890660592259934e+01
1.453821542152229185e+01 4.616552771450270143e+01
1.455978398424169207e+01 3.029612756264240048e+01
1.455760374368619203e+01 3.184004049607689879e+01
1.456001094934684126e+01 3.626929891166790298e+01
1.456055429005310131e+01 4.282460136674259843e+01
1.458109807093411092e+01 3.062515818780060073e+01
1.458088486128988137e+01 3.578840799797519878e+01
1.458128376965650119e+01 3.652239939255880330e+01
1.459893890374474168e+01 1.900784611490760057e+01
1.459937907849411154e+01 1.981776765375850147e+01
1.459962667679064197e+01 2.027334851936220161e+01
1.459685495141566136e+01 2.072892938496579873e+01
1.459801728786323238e+01 2.842318400404959888e+01
1.459900080331887295e+01 3.578840799797519878e+01
1.459939971168549278e+01 3.652239939255880330e+01
1.462019796859348197e+01 1.923563654770940090e+01
1.461799021711615154e+01 2.072892938496579873e+01
1.461836849229139190e+01 2.698051126297140101e+01
1.463985452224528139e+01 2.207036193368769972e+01
1.464019153103777171e+01 2.824601366742599851e+01
1.464081052677908090e+01 2.938496583143509966e+01
1.465918782256551189e+01 1.875474563401670025e+01
1.467869994387767107e+01 1.576815995950389926e+01
1.469643073300095182e+01 1.505947861300940005e+01
1.471974623925694203e+01 1.351556567957480048e+01
1.471817123898183155e+01 1.617312072892940122e+01
1.473876316397605279e+01 9.617818273854719990e+00
1.474012495460693195e+01 1.212351303467480079e+01
1.475712670430156237e+01 1.007339913945840060e+01
1.478024963410469184e+01 8.175145532776509683e+00
1.477872965567325281e+01 1.093394077448749968e+01
1.480138489980517136e+01 8.175145532776509683e+00
1.479986492137374299e+01 1.093394077448749968e+01
1.481875804694459120e+01 6.808402935965579772e+00
1.483941187151294194e+01 5.922551252847379821e+00
1.485699135056613152e+01 4.935459377372819922e+00
1.485765161269019075e+01 6.150341685649199697e+00
1.487812661626661281e+01 4.935459377372819922e+00
1.487878687839067204e+01 6.150341685649199697e+00
1.489915183827975298e+01 4.732978992660090256e+00
1.491729529123057141e+01 4.783599088838269786e+00
1.493848557877472061e+01 4.884839281194629734e+00
1.495962084447521079e+01 4.884839281194629734e+00
1.497777805288695063e+01 4.960769425461910132e+00
1.499892707404835157e+01 4.986079473551000341e+00
1.501704301607733072e+01 4.986079473551000341e+00
1.503823330362149235e+01 5.087319665907370059e+00
1.505957490123574161e+01 5.466970387243740070e+00
1.507795219702217082e+01 5.947861300936470030e+00
1.509908746272265212e+01 5.947861300936470030e+00
1.512047032671966207e+01 6.403442166540120439e+00
1.512132316529657139e+01 7.972665148063780016e+00
1.513902644349802173e+01 7.213363705391039993e+00
1.516051935118237282e+01 7.871424955707420068e+00
1.517863529321136085e+01 7.871424955707420068e+00
1.520007317905204047e+01 8.428246013667429537e+00
1.521860178490856086e+01 9.187547456340169560e+00
1.523691030339040253e+01 9.541888129587450251e+00
1.525829316738740182e+01 9.997468995191090002e+00
1.528008869521195123e+01 1.121235130346749997e+01
1.529912625312244145e+01 1.290812452543659994e+01
1.532026151882292098e+01 1.290812452543659994e+01
1.533916152212423256e+01 1.435079726651479959e+01
1.535819908003472278e+01 1.604657048848390133e+01
1.538009089608570079e+01 1.743862313338399872e+01
1.539820683811468172e+01 1.743862313338399872e+01
1.541996109955647043e+01 1.857757529739309987e+01
1.543864101548310153e+01 1.961528726904580111e+01
1.545979003664450246e+01 1.964059731713490109e+01
1.548136547709436073e+01 2.045051885598579844e+01
1.549666842736562167e+01 2.083016957732219865e+01
1.551795500313620124e+01 2.110858010630219894e+01
1.553909026883668076e+01 2.110858010630219894e+01
1.555733001001393134e+01 2.133637053910399928e+01
1.557861658578451269e+01 2.161478106808399957e+01
1.559982062878958153e+01 2.174133130852949947e+01
1.561793657081857134e+01 2.174133130852949947e+01
1.563901681467538296e+01 2.164009111617309955e+01
1.565676135925958157e+01 2.095671981776769854e+01
1.567766278212445208e+01 2.052644900025309838e+01
1.569868800413759047e+01 2.032396861554040157e+01
1.571912174133126072e+01 1.903315616299670054e+01
1.573976181043870071e+01 1.812199443178939973e+01
1.575787775246768163e+01 1.812199443178939973e+01
1.577849031065328234e+01 1.716021260440389895e+01
1.579918540160439200e+01 1.635029106555300160e+01
1.581698496803226206e+01 1.576815995950389926e+01
1.583809272281091296e+01 1.571753986332569930e+01
1.585928301035506038e+01 1.581878005568209922e+01
1.587774283890700211e+01 1.645153125790940152e+01
1.589967592134072127e+01 1.791951404707669937e+01
1.591779186336971108e+01 1.791951404707669937e+01
1.593971119034252126e+01 1.936218678815490080e+01
1.595847363903465066e+01 2.055175904834219835e+01
1.597696097850842278e+01 2.123513034674769884e+01
1.599856392988011144e+01 2.209567198177679970e+01
1.601932779813581220e+01 2.141230068337129921e+01
1.602053827869659131e+01 2.363958491521130156e+01
1.603932823831055998e+01 2.487977727157679908e+01
1.606046350401103950e+01 2.487977727157679908e+01
1.607888206618022053e+01 2.543659832953679967e+01
1.610034746294274299e+01 2.604403948367500021e+01
1.611882104695559192e+01 2.670210073399140072e+01
1.613693698898457995e+01 2.670210073399140072e+01
1.615840238574709176e+01 2.730954188812960126e+01
1.617978524974409993e+01 2.776512275373319838e+01
1.619790119177308085e+01 2.776512275373319838e+01
1.621955916498845340e+01 2.872690458111869916e+01
1.623885807665638126e+01 3.090356871678060102e+01
1.625779934634045176e+01 3.242217160212599936e+01
1.627893461204093128e+01 3.242217160212599936e+01
1.629871496484098969e+01 3.548468742090609851e+01
1.631826147480545330e+01 3.811693242217160105e+01
1.633954805057603110e+01 3.839534295115159779e+01
1.635899827231406078e+01 4.085041761579350350e+01
1.635804226778026305e+01 4.464692482915720007e+01
1.638009227163179204e+01 4.077448747152620001e+01
1.637891617972330138e+01 4.416603391546440349e+01
1.638091072155641115e+01 4.783599088838270319e+01
1.639756858472809142e+01 4.515312579093900069e+01
1.639902666358539207e+01 4.783599088838270319e+01
1.641913026971703005e+01 4.593773728170079806e+01
1.644091204208066159e+01 4.712730954188810273e+01
1.645935811517167124e+01 4.773475069602630327e+01
1.648049338087216142e+01 4.773475069602630327e+01
1.649860932290114235e+01 4.773475069602630327e+01
1.651967581129704143e+01 4.760820045558089930e+01
1.654075605515385305e+01 4.750696026322449939e+01
1.655887199718283043e+01 4.750696026322449939e+01
1.658006228472699206e+01 4.760820045558089930e+01
1.659881097795820182e+01 4.877246266767910043e+01
1.660114940631426350e+01 5.307517084282459763e+01
1.661699569729178094e+01 4.889901290812449730e+01
1.661926534834324087e+01 5.307517084282459763e+01
1.663927266624845203e+01 5.099974689951910278e+01
1.663861928185485084e+01 5.535307517084279993e+01
1.663886688015137238e+01 5.580865603644650008e+01
1.665938315011054272e+01 5.466970387243740248e+01
1.667905345922326177e+01 5.752973930650470180e+01
1.670128916179718104e+01 5.955454315363199669e+01
1.671835968879640077e+01 5.763097949886100224e+01
1.671873108624119197e+01 5.831435079726649917e+01
1.671866918666706070e+01 6.375601113642120055e+01
1.671912999460781180e+01 7.015945330296129612e+01
1.673959812045377049e+01 6.337636041508479678e+01
1.673890346967741038e+01 6.765375854214120466e+01
1.676073338615425001e+01 6.337636041508479678e+01
1.676054768743185974e+01 6.859023032143760190e+01
1.677727432790813111e+01 6.603391546443940285e+01
1.677754255939603212e+01 7.208301695773219819e+01
1.679805882935520245e+01 7.094406479372310059e+01
1.679849900410458119e+01 7.175398633257400149e+01
1.680093372068706259e+01 7.623386484434320209e+01
1.680030784721530068e+01 8.063781321184509920e+01
1.680058295643366151e+01 8.114401417362689983e+01
1.681919409505569263e+01 7.094406479372310059e+01
1.681963426980506071e+01 7.175398633257400149e+01
1.681904966271605062e+01 7.623386484434320209e+01
1.681842378924428161e+01 8.063781321184509920e+01
1.681869889846264243e+01 8.114401417362689983e+01
1.681916658413385335e+01 8.200455580865599359e+01
1.684026746118204088e+01 7.638572513287779486e+01
1.683983416416312195e+01 8.114401417362689983e+01
1.685947696235401239e+01 8.395342951151610578e+01
1.685916746448335246e+01 8.893950898506710701e+01
1.687759290438299331e+01 8.395342951151610578e+01
1.687728340651234049e+01 8.893950898506710701e+01
1.690020688213216005e+01 8.111870412553780341e+01
1.690070895645566296e+01 8.759807643634519536e+01
1.689806790795941183e+01 9.384965831435080474e+01
1.692066813024766248e+01 9.098962288028350542e+01
1.692037238783792219e+01 9.600101240192360308e+01
1.693897664872950060e+01 9.134396355353079855e+01
1.693848832986691022e+01 9.600101240192360308e+01
1.695922468720077347e+01 9.526702100733990619e+01
1.695890143386920101e+01 1.002277904328019957e+02
1.697884685220027023e+01 9.248291571753989615e+01
1.697927327148873289e+01 9.326752720830170063e+01
1.697895001815716043e+01 9.822829663376360543e+01
1.699950755449909323e+01 9.716527461402179711e+01
1.700019532754499352e+01 9.843077701847630578e+01
1.699823517436417220e+01 1.003796507213360059e+02
1.702064282019957275e+01 9.716527461402179711e+01
1.702133059324547304e+01 9.843077701847630578e+01
1.701942546190833028e+01 1.004808909136930026e+02
1.703780275769476305e+01 1.009617818273849963e+02
1.705908933346534084e+01 1.012401923563650001e+02
1.708022459916582036e+01 1.012401923563650001e+02
1.709818923112471367e+01 1.009617818273849963e+02
1.711917318675509136e+01 1.006833712984050067e+02
1.713706904140939002e+01 1.002784105289800038e+02
1.715820430710987310e+01 1.002784105289800038e+02
1.717914699635751319e+01 9.992406985573269651e+01
1.719680900817620284e+01 9.908883826879269918e+01
1.721946425230812139e+01 9.633004302708170030e+01
1.722057844464247012e+01 9.838015692229819820e+01
1.724059951800860091e+01 9.633004302708170030e+01
1.724171371034296030e+01 9.838015692229819820e+01
1.725897681379503013e+01 9.681093394077450398e+01
1.727883282163014300e+01 9.445709946848900529e+01
1.728012583495643284e+01 9.683624398886360041e+01
1.729962420080767060e+01 9.382434826626169411e+01
1.731772638737574255e+01 9.379903821817259768e+01
1.734073927349153266e+01 9.169830422677800641e+01
1.735793359963901139e+01 9.000253100480890112e+01
1.737818851584074054e+01 8.838268792710709931e+01
1.737926144179234100e+01 9.035687167805619424e+01
1.739925500423663252e+01 8.825613768666160297e+01
1.740039670749283118e+01 9.035687167805619424e+01
1.741717836981277046e+01 8.790179701341429563e+01
1.744079649620895367e+01 8.691470513793980501e+01
1.745884366093333995e+01 8.678815489749429446e+01
1.747997892663382302e+01 8.678815489749429446e+01
1.750099039318605065e+01 8.656036446469249768e+01
1.751906506883228332e+01 8.648443432042519419e+01
1.754013155722817174e+01 8.635788407997979732e+01
1.756126682292865127e+01 8.635788407997979732e+01
1.757917643304387312e+01 8.597823335864339356e+01
1.759962392569845235e+01 8.471273095418879961e+01
1.761730657070852146e+01 7.835990888382690400e+01
1.761990635282202078e+01 8.314350797266510540e+01
1.764023692405880084e+01 7.610731460389770575e+01
1.763844183640901164e+01 7.835990888382690400e+01
1.763800853939009272e+01 8.311819792457609424e+01
1.766137218975929102e+01 7.610731460389770575e+01
1.766025111969447181e+01 7.960010124019240152e+01
1.765958397983995098e+01 8.392811946342699514e+01
1.767962568639745058e+01 7.636041508478869844e+01
1.767924741122221022e+01 8.121994431789420332e+01
1.769979119210321983e+01 6.902050113895219852e+01
1.769917907409237046e+01 7.344975955454310679e+01
1.771982602093026316e+01 6.699569729182489652e+01
1.771964032220787288e+01 7.220956719817769454e+01
1.773794196295925119e+01 6.699569729182489652e+01
1.773708224665187316e+01 7.096937484181219702e+01
1.775955866979186126e+01 6.788154897494310092e+01
1.777891948103392039e+01 6.461655277145030141e+01
1.779899557624372264e+01 6.266767906859020343e+01
1.782013084194420216e+01 6.266767906859020343e+01
1.783760027731004172e+01 6.147810680840289876e+01
1.785815781365197097e+01 6.041508478866109755e+01
1.787882539368124313e+01 5.955454315363199669e+01
1.789997441484264229e+01 5.957985320172110022e+01
1.792079330494201272e+01 5.899772209567200321e+01
1.793851033860438093e+01 5.826373070108829921e+01
1.795831132459582236e+01 5.580865603644650008e+01
1.795923294047732099e+01 5.750442925841559827e+01
1.798107661241508026e+01 5.325234117944820156e+01
1.797944659029630188e+01 5.580865603644650008e+01
1.798036820617780052e+01 5.750442925841559827e+01
1.799922006536590047e+01 5.330296127562640152e+01
1.799786515246548291e+01 5.636547709440650067e+01
1.802036908652730318e+01 5.332827132371549794e+01
1.803996374060497132e+01 5.049354593773730215e+01
1.805908383128097228e+01 4.123006833712980068e+01
1.805706177852603034e+01 4.862060237914450056e+01
1.808021909698145180e+01 4.123006833712980068e+01
1.807968951173611316e+01 4.581118704125540120e+01
1.807888481727241015e+01 4.988610478359910161e+01
1.807953132393555151e+01 5.107567704378639917e+01
1.809889901290808112e+01 4.226778030878259784e+01
1.810064595644466223e+01 4.548215641609719739e+01
1.811828045734151971e+01 3.348519362186790005e+01
1.811842488968115106e+01 3.930650468235889861e+01
1.814116954430904016e+01 3.115666919767150134e+01
1.814070873636829262e+01 3.586433814224250227e+01
1.814028919481029334e+01 4.064793723108069656e+01
1.815809563896862144e+01 3.452290559352059773e+01
1.815840513683928137e+01 4.064793723108069656e+01
1.817825426694393087e+01 3.272589217919509963e+01
1.820063440185749215e+01 2.946089597570239960e+01
1.820017359391674105e+01 3.416856492027329750e+01
1.820075132327529133e+01 3.523158694001519819e+01
1.821737479779468316e+01 2.692989116679320105e+01
1.823965864448181051e+01 2.348772462667680117e+01
1.823813866605037148e+01 2.624651986838780005e+01
1.825777458651080210e+01 2.348772462667680117e+01
1.825625460807936307e+01 2.624651986838780005e+01
1.827736924058846313e+01 2.065299924069859827e+01
1.829884151508144186e+01 1.571753986332569930e+01
1.830061596953986225e+01 1.898253606681850059e+01
1.831937154050153183e+01 1.460389774740569990e+01
1.831786531753101244e+01 1.738800303720579876e+01
1.834003912053080043e+01 1.374335611237660082e+01
1.833900058323149196e+01 1.738800303720579876e+01
1.836128442991863352e+01 1.394583649708929940e+01
1.835965440779985158e+01 1.650215135408760148e+01
1.837696565536513305e+01 9.465957985320169854e+00
1.837864382159712306e+01 1.255378385218929971e+01
1.839863738404142168e+01 1.045304986079469955e+01
1.841646446139112214e+01 9.921538850923820263e+00
1.844019263147465182e+01 9.136927360161980261e+00
1.846062636866831141e+01 7.846114907618320089e+00
1.847828838048700106e+01 7.010883320678310326e+00
1.849903849328178040e+01 6.302201974183749833e+00
1.852017375898227058e+01 6.302201974183749833e+00
1.853779450441820131e+01 5.391040242976459673e+00
1.855847583990839311e+01 4.555808656036449911e+00
1.857639920548453105e+01 4.201467982789170108e+00
1.859728687288849258e+01 3.745887117185520143e+00
1.862116635304211343e+01 3.239686155403699974e+00
1.863903469677457281e+01 2.784105289800050009e+00
1.866000489694404152e+01 2.480384712730950181e+00
1.868114016264452104e+01 2.480384712730950181e+00
1.869922859375167334e+01 2.429764616552770207e+00
1.872026757122573315e+01 2.252594279929129861e+00
1.873838351325471052e+01 2.252594279929129861e+00
1.875946375711152214e+01 2.151354087572769913e+00
1.878054400096834087e+01 2.050113895216400195e+00
1.879865994299732179e+01 2.050113895216400195e+00
1.881979520869780131e+01 2.050113895216400195e+00
1.884088920801553257e+01 1.974183750949130012e+00
1.885900515004452060e+01 1.974183750949130012e+00
1.888012666028408049e+01 1.948873702860040025e+00
1.889824260231307207e+01 1.948873702860040025e+00
1.891939162347447123e+01 1.974183750949130012e+00
1.894051313371404177e+01 1.948873702860040025e+00
1.895864283120394234e+01 1.974183750949130012e+00
1.897977809690442186e+01 1.974183750949130012e+00
1.900092711806582102e+01 1.999493799038219999e+00
1.901904306009481260e+01 1.999493799038219999e+00
1.904016457033437248e+01 1.974183750949130012e+00
1.905828051236336051e+01 1.974183750949130012e+00
1.907944328898568287e+01 2.024803847127309986e+00
1.910055104376433022e+01 1.974183750949130012e+00
1.911866698579331114e+01 1.974183750949130012e+00
1.913981600695471030e+01 1.999493799038219999e+00
1.916097878357703266e+01 2.050113895216400195e+00
1.917909472560602069e+01 2.050113895216400195e+00
1.920022999130650021e+01 2.050113895216400195e+00
1.921835968879640077e+01 2.075423943305489960e+00
1.923953622087964277e+01 2.151354087572769913e+00
1.926069899750196157e+01 2.201974183750949887e+00
1.927881493953094250e+01 2.201974183750949887e+00
1.930003273799694341e+01 2.353834472285500024e+00
1.932123678100201047e+01 2.480384712730950181e+00
1.933939398941375032e+01 2.556314856998230134e+00
1.936052925511423339e+01 2.556314856998230134e+00
1.937868646352597324e+01 2.632245001265499873e+00
1.939980797376553667e+01 2.606934953176410108e+00
1.942099826130969120e+01 2.708175145532779826e+00
1.943911420333867923e+01 2.708175145532779826e+00
1.946015318081273549e+01 2.531004808909139925e+00
1.948127469105229892e+01 2.505694760820050160e+00
1.949939063308128695e+01 2.505694760820050160e+00
1.952045712147717893e+01 2.379144520374589789e+00
1.953850428620157587e+01 2.252594279929129861e+00
1.955954326367563212e+01 2.075423943305489960e+00
1.958067852937611519e+01 2.075423943305489960e+00
1.959879447140509967e+01 2.075423943305489960e+00
1.961988847072283093e+01 1.999493799038219999e+00
1.964105124734514973e+01 2.050113895216400195e+00
1.965916718937413421e+01 2.050113895216400195e+00
1.968030245507461728e+01 2.050113895216400195e+00
1.969840464164268568e+01 2.024803847127309986e+00
1.971951239642133302e+01 1.974183750949130012e+00
1.974064766212181610e+01 1.974183750949130012e+00
1.975876360415080057e+01 1.974183750949130012e+00
1.977989886985128365e+01 1.974183750949130012e+00
1.980103413555176672e+01 1.974183750949130012e+00
1.981915007758075120e+01 1.974183750949130012e+00
1.984028534328123428e+01 1.974183750949130012e+00
1.985840128531022231e+01 1.974183750949130012e+00
1.987953655101070538e+01 1.974183750949130012e+00
1.990068557217210454e+01 1.999493799038219999e+00
1.991880151420108902e+01 1.999493799038219999e+00
1.993992302444065601e+01 1.974183750949130012e+00
1.996105829014113908e+01 1.974183750949130012e+00
1.997917423217012356e+01 1.974183750949130012e+00
2.000029574240969055e+01 1.948873702860040025e+00
2.001842543989959111e+01 1.974183750949130012e+00
2.003956070560007419e+01 1.974183750949130012e+00
2.006068221583964117e+01 1.948873702860040025e+00
2.007879815786862565e+01 1.948873702860040025e+00
2.009994717903002837e+01 1.974183750949130012e+00
2.012108244473051144e+01 1.974183750949130012e+00
2.013919838675949592e+01 1.974183750949130012e+00
2.016034740792089863e+01 1.999493799038219999e+00
2.017846334994988311e+01 1.999493799038219999e+00
2.019973617025954482e+01 2.252594279929129861e+00
2.022105025695196190e+01 2.581624905087319899e+00
2.021860866263902068e+01 3.644646924829160195e+00
2.023953759642573402e+01 3.264996203492790183e+00
2.026067286212621710e+01 3.264996203492790183e+00
2.027917395706090531e+01 3.973677549987340019e+00
2.029773007383926853e+01 4.783599088838269786e+00
2.031916795967994460e+01 5.340420146798280143e+00
2.033728390170893263e+01 5.340420146798280143e+00
2.035891436400246235e+01 6.251581878005570303e+00
2.038070989182700643e+01 7.466464186281950077e+00
2.039882583385599446e+01 7.466464186281950077e+00
2.042031874154034199e+01 8.124525436598329264e+00
2.044177038284194126e+01 8.706656542647429831e+00
2.045734844233155769e+01 9.592508225765630669e+00
2.047848370803204077e+01 9.592508225765630669e+00
2.049706733573223971e+01 1.045304986079469955e+01
2.051875281986944088e+01 1.146545178435840029e+01
2.054024572755379197e+01 1.212351303467480079e+01
2.055836166958277644e+01 1.212351303467480079e+01
2.058006090918089726e+01 1.316122500632750025e+01
2.060145752863882151e+01 1.364211592002019913e+01
2.061955971520688990e+01 1.361680587193120040e+01
2.064097009012573380e+01 1.412300683371299925e+01
2.065908603215471828e+01 1.412300683371299925e+01
2.068020754239428172e+01 1.409769678562389927e+01
2.070135656355568443e+01 1.412300683371299925e+01
2.071944499466283318e+01 1.407238673753479929e+01
2.074048397213688943e+01 1.389521640091120069e+01
2.075858615870495782e+01 1.386990635282210071e+01
2.077972142440544090e+01 1.386990635282210071e+01
2.080115931024612053e+01 1.442672741078209953e+01
2.079896531422970085e+01 1.594533029612759911e+01
2.079921291252622595e+01 1.640091116173120156e+01
2.081692994618859061e+01 1.566691976714760060e+01
2.083827154380284341e+01 1.604657048848390133e+01
2.086009458254922322e+01 1.731207289293849882e+01
2.087948978244358145e+01 1.966590736522400107e+01
2.089881620503335213e+01 2.189319159706399986e+01
2.091693214706233661e+01 2.189319159706399986e+01
2.093959426892471498e+01 2.470260693495319870e+01
2.096039940356316933e+01 2.409516578081500171e+01
2.095894820243632140e+01 2.698051126297140101e+01
2.097851534559215381e+01 2.409516578081500171e+01
2.097706414446530587e+01 2.698051126297140101e+01
2.099795181186926385e+01 2.652493039736780034e+01
2.099916229243004651e+01 2.875221462920779913e+01
2.102066895557531723e+01 2.943558592761329962e+01
2.103919756143184117e+01 3.019488737028600056e+01
2.106033282713232424e+01 3.019488737028600056e+01
2.107862759015324272e+01 3.052391799544420081e+01
2.109990041046290798e+01 3.077701847633510113e+01
2.112120074169440542e+01 3.108073905340420140e+01
2.113931668372338990e+01 3.108073905340420140e+01
2.116060325949397125e+01 3.135914958238420169e+01
2.117887051159305400e+01 3.163756011136419843e+01
2.120001953275445672e+01 3.166287015945329841e+01
2.121835556215813057e+01 3.206783092887879860e+01
2.123680163524914732e+01 3.267527208301699915e+01
2.125822576562890731e+01 3.320678309288790331e+01
2.127936103132939039e+01 3.320678309288790331e+01
2.129768330527214459e+01 3.358643381422429997e+01
2.131913494657374031e+01 3.416856492027329750e+01
2.134062785425809139e+01 3.482662617058969801e+01
2.135879881813075087e+01 3.492786636294609792e+01
2.138012666028408049e+01 3.528220703619339815e+01
2.139839391238317035e+01 3.556061756517340200e+01
2.141952917808364987e+01 3.556061756517340200e+01
2.144084326477607050e+01 3.588964819033159870e+01
2.145906925049240144e+01 3.609212857504429905e+01
2.148027329349747205e+01 3.621867881548980250e+01
2.149838923552645298e+01 3.621867881548980250e+01
2.151951074576601997e+01 3.619336876740069897e+01
2.154071478877109058e+01 3.631991900784610294e+01
2.155891326356559290e+01 3.647177929638070282e+01
2.158004852926607242e+01 3.647177929638070282e+01
2.160129383865390196e+01 3.667425968109340317e+01
2.161940978068288288e+01 3.667425968109340317e+01
2.164060006822704096e+01 3.677549987344980309e+01
2.165871601025602189e+01 3.677549987344980309e+01
2.167983752049559243e+01 3.675018982536069956e+01
2.170098654165699159e+01 3.677549987344980309e+01
2.171910248368597252e+01 3.677549987344980309e+01
2.174022399392554306e+01 3.675018982536069956e+01
2.176138677054786186e+01 3.680080992153889952e+01
2.177970904449061251e+01 3.718046064287519670e+01
2.180084431019110269e+01 3.718046064287519670e+01
2.181938667150854272e+01 3.796507213363710065e+01
2.182041833107739137e+01 3.986332574031889919e+01
2.183827291934893111e+01 3.938243482662620210e+01
2.186017849086082165e+01 4.079979751961530354e+01
2.187830818835073288e+01 4.082510756770439997e+01
2.187673318807562239e+01 4.348266261705899893e+01
2.189915458937193193e+01 4.029359655783350291e+01
2.189762085547958037e+01 4.302708175145529879e+01
2.189924399986790249e+01 4.601366742596810155e+01
2.191973275890524064e+01 4.482409516578079689e+01
2.192149345790274140e+01 4.806378132118449997e+01
2.193784870093422157e+01 4.482409516578079689e+01
2.193960939993172232e+01 4.806378132118449997e+01
2.195847501458074191e+01 4.388762338648439965e+01
2.196013942535182295e+01 4.695013920526449880e+01
2.198043560793630036e+01 4.540622627182990101e+01
2.197879183035660233e+01 4.793723108073910311e+01
2.199727916983037090e+01 4.862060237914450056e+01
2.201838692460902180e+01 4.856998228296630060e+01
2.203665417670810101e+01 4.884839281194629734e+01
2.205762437687757327e+01 4.854467223487719707e+01
2.208172394440587993e+01 4.844343204252089663e+01
2.209975735366936078e+01 4.829157175398629676e+01
2.212078257568250095e+01 4.808909136927360350e+01
2.213882974040689078e+01 4.796254112882810006e+01
2.215997876156828994e+01 4.798785117691719648e+01
2.218129284826071057e+01 4.831688180207540029e+01
2.217900256401787118e+01 4.965831435079729772e+01
2.217955278245459283e+01 5.067071627436089898e+01
2.219793007824101139e+01 5.115160718805370266e+01
2.219767560221403357e+01 5.623892685396099722e+01
2.219819830972891239e+01 5.720070868134649800e+01
2.221932669769894275e+01 5.163249810174639975e+01
2.221881086791451310e+01 5.623892685396099722e+01
2.221933357542940257e+01 5.720070868134649800e+01
2.224145235658552267e+01 5.345482156416100139e+01
2.223886632993293233e+01 5.980764363452289700e+01
2.224022812056381326e+01 6.231333839534300267e+01
2.225762877862507239e+01 4.988610478359910161e+01
2.225849537266290312e+01 5.148063781321189936e+01
2.225886677010768011e+01 5.216400911161729681e+01
2.225953390996221160e+01 5.894710199949380325e+01
2.225926567847431059e+01 6.400911161731210086e+01
2.225995345152020022e+01 6.527461402176659533e+01
2.225741556898084283e+01 6.616046570488479972e+01
2.227944493964099237e+01 5.669450771956469737e+01
2.227913544177033245e+01 6.168058719311569860e+01
2.227855083468132236e+01 6.616046570488479972e+01
2.230059396080239154e+01 5.671981776765380090e+01
2.229813173329807086e+01 6.330043027081750040e+01
2.229884013953535060e+01 7.015945330296129612e+01
2.229933533612839014e+01 7.107061503416859694e+01
2.231804276297685163e+01 6.104783599088840162e+01
2.231841416042164283e+01 6.173120728929389855e+01
2.231879931332734301e+01 6.243988863578839954e+01
2.231879243559688319e+01 6.798278916729940136e+01
2.231868926964000011e+01 7.334851936218680635e+01
2.231904691162387167e+01 7.400658061250319975e+01
2.233863468797107998e+01 6.560364464692480624e+01
2.233886165307622207e+01 7.157681599595039756e+01
2.235675063000006091e+01 6.560364464692480624e+01
2.235732148162816202e+01 7.220956719817769454e+01
2.237966722788942064e+01 7.443685143001769688e+01
2.239983961132565327e+01 7.266514806378130231e+01
2.240044485160604282e+01 7.377879017970130349e+01
2.239917247147113244e+01 7.699316628701599541e+01
2.241795555335463064e+01 7.266514806378130231e+01
2.241856079363502019e+01 7.377879017970130349e+01
2.241728841350010981e+01 7.699316628701599541e+01
2.243817608090407134e+01 7.653758542141230237e+01
2.245870610632416131e+01 7.542394330549230119e+01
2.247897477798681365e+01 7.382941027587949634e+01
2.248019901400851239e+01 7.608200455580869459e+01
2.250147871204863037e+01 7.079220450518859309e+01
2.250011004368730028e+01 7.382941027587949634e+01
2.250133427970900257e+01 7.608200455580869459e+01
2.251746943536578982e+01 7.243735763097950553e+01
2.253797194986405117e+01 7.127309541888129729e+01
2.256130121158095037e+01 6.975449253353579593e+01
2.255961616761850053e+01 7.220956719817769454e+01
2.257941715360993129e+01 6.975449253353579593e+01
2.257773210964748145e+01 7.220956719817769454e+01
2.259986464626452118e+01 6.848899012908120199e+01
2.262029838345818078e+01 6.719817767653759688e+01
2.263746519868383089e+01 6.545178435839029873e+01
2.266128965699378028e+01 6.484434320425209819e+01
2.267906171249981284e+01 6.421159200202480122e+01
2.269916531863145082e+01 6.231333839534300267e+01
2.271957154490328179e+01 6.097190584662109814e+01
2.271795527824541239e+01 6.355353075170840071e+01
2.273728857856564289e+01 6.023791445203750072e+01
2.273909054394590257e+01 6.355353075170840071e+01
2.275813497958685261e+01 5.970640344216649709e+01
2.277814229749206021e+01 5.763097949886100224e+01
2.279805332717084099e+01 5.537838521893190347e+01
2.281872778493057297e+01 4.897494305239180079e+01
2.282077734860735063e+01 5.274614021766640093e+01
2.281960125669885997e+01 5.613768666160469678e+01
2.283684372695955034e+01 4.897494305239180079e+01
2.283889329063633156e+01 5.274614021766640093e+01
2.283771719872785155e+01 5.613768666160469678e+01
2.285854296655767115e+01 5.001265502404449848e+01
2.285804089223417179e+01 5.464439382434829895e+01
2.287903860332547268e+01 4.328018223234619910e+01
2.287842648531461975e+01 4.770944064793719974e+01
2.289806240577504326e+01 4.495064540622630034e+01
2.291863369757789215e+01 4.391293343457350318e+01
2.293905367931064276e+01 4.259681093394080165e+01
2.295878588799749309e+01 4.001518602885349907e+01
2.297882071682453287e+01 3.799038218172609760e+01
2.299653775048689042e+01 3.725639078714250019e+01
2.301994954496930035e+01 3.588964819033159870e+01
2.301856712114705061e+01 3.890154391293339842e+01
2.304030074939745987e+01 3.444697544925340083e+01
2.305766014107596362e+01 3.305492280435330343e+01
2.307806636734779104e+01 3.171349025563149837e+01
2.309920163304827057e+01 3.171349025563149837e+01
2.311947030471092290e+01 3.011895722601870062e+01
2.313975273183449133e+01 2.854973424449509878e+01
2.315729094450492198e+01 2.748671222475320164e+01
2.317842621020540150e+01 2.748671222475320164e+01
2.319906627931284149e+01 2.657555049354590082e+01
2.321692086758438123e+01 2.609465957985320017e+01
2.323806988874578039e+01 2.611996962794230015e+01
2.325618583077477197e+01 2.611996962794230015e+01
2.327734860739709077e+01 2.617058972412050011e+01
2.329855265040216139e+01 2.629713996456590053e+01
2.331669610335298159e+01 2.634776006074410049e+01
2.333790014635806287e+01 2.647431030118960038e+01
2.335907667844129065e+01 2.655024044545680084e+01
2.337719262047028224e+01 2.655024044545680084e+01
2.339832788617076176e+01 2.655024044545680084e+01
2.341644382819975334e+01 2.655024044545680084e+01
2.343757909390023286e+01 2.655024044545680084e+01
2.345857680499153020e+01 2.629713996456590053e+01
2.347669274702052178e+01 2.629713996456590053e+01
2.349773172449458158e+01 2.611996962794230015e+01
2.351883947927322183e+01 2.606934953176410019e+01
2.353986470128636199e+01 2.586686914705139984e+01
2.356099996698684151e+01 2.586686914705139984e+01
2.357904713171124200e+01 2.574031890660589994e+01
2.360012737556805007e+01 2.563907871424959950e+01
2.362112508665935096e+01 2.538597823335859971e+01
2.363924102868834254e+01 2.538597823335859971e+01
2.366033502800607025e+01 2.531004808909139925e+01
2.367836843726955109e+01 2.515818780055679937e+01
2.369939365928269126e+01 2.495570741584409902e+01
2.372052892498317078e+01 2.495570741584409902e+01
2.373861735609032309e+01 2.490508731966589906e+01
2.375971135540805079e+01 2.482915717539859912e+01
2.378075033288211060e+01 2.465198683877499874e+01
2.379886627491109152e+01 2.465198683877499874e+01
2.381985023054148343e+01 2.437357630979499845e+01
2.384086169709370040e+01 2.414578587699320167e+01
2.385897763912268132e+01 2.414578587699320167e+01
2.387994783929215004e+01 2.384206529992410140e+01
2.389795373763379160e+01 2.363958491521130156e+01
2.391892393780326032e+01 2.333586433814220129e+01
2.394005920350374339e+01 2.333586433814220129e+01
2.395801008000171350e+01 2.303214376107310102e+01
2.397910407931944121e+01 2.295621361680590056e+01
2.400012930133258138e+01 2.275373323209310072e+01
2.401824524336157296e+01 2.275373323209310072e+01
2.403946304182756322e+01 2.290559352062770060e+01
2.405762025023930306e+01 2.298152366489500054e+01
2.407885180416621296e+01 2.315869400151860091e+01
2.409998706986669248e+01 2.315869400151860091e+01
2.411814427827843232e+01 2.323462414578590085e+01
2.413936207674442258e+01 2.338648443432040125e+01
2.416062114159316110e+01 2.361427486712220158e+01
2.417873708362215268e+01 2.361427486712220158e+01
2.419996863754906258e+01 2.379144520374590144e+01
2.421813960142172206e+01 2.389268539610230135e+01
2.423927486712220158e+01 2.389268539610230135e+01
2.426046515466635256e+01 2.399392558845859824e+01
2.427859485215626023e+01 2.401923563654770177e+01
2.429986767246592194e+01 2.427233611743859854e+01
2.432100293816640146e+01 2.427233611743859854e+01
2.433920141296090378e+01 2.442419640597319841e+01
2.436043296688781368e+01 2.460136674259679879e+01
2.437861768622138214e+01 2.472791698304229868e+01
2.439975295192186167e+01 2.472791698304229868e+01
2.442103952769244302e+01 2.500632751202229898e+01
2.443930677979153288e+01 2.528473804100229927e+01
2.446056584464027139e+01 2.551252847380409960e+01
2.447868178666926298e+01 2.551252847380409960e+01
2.449995460697892113e+01 2.576562895469499992e+01
2.452122742728858285e+01 2.601872943558590023e+01
2.453934336931757088e+01 2.601872943558590023e+01
2.455766564326033219e+01 2.639838015692230044e+01
2.457899348541366180e+01 2.675272083016960067e+01
2.459723322659091238e+01 2.698051126297140101e+01
2.461836849229139190e+01 2.698051126297140101e+01
2.463969633444473217e+01 2.733485193621870124e+01
2.465797734200473101e+01 2.763857251328780151e+01
2.467925016231439272e+01 2.789167299417869827e+01
2.469736610434338075e+01 2.789167299417869827e+01
2.471865268011396211e+01 2.817008352315869857e+01
2.473995301134546310e+01 2.847380410022779884e+01
2.475806895337444047e+01 2.847380410022779884e+01
2.477938304006686110e+01 2.880283472538599909e+01
2.480075214860295318e+01 2.923310554290049978e+01
2.481919822169396284e+01 2.984054669703870033e+01
2.484033348739445302e+01 2.984054669703870033e+01
2.485872453864179121e+01 3.034674765882060044e+01
2.487970849427217956e+01 3.006833712984050067e+01
2.488049255554449957e+01 3.151100987091880157e+01
2.489884234040908950e+01 3.194128068843329871e+01
2.491695828243808108e+01 3.194128068843329871e+01
2.493845119012243217e+01 3.259934193874970276e+01
2.495953143397924379e+01 3.249810174639330285e+01
2.496046680532166206e+01 3.421918501645149746e+01
2.497764737600823182e+01 3.249810174639330285e+01
2.497858274735065010e+01 3.421918501645149746e+01
2.500032325333152272e+01 3.533282713237159811e+01
2.501791648784563193e+01 3.437104530498609734e+01
2.501646528671878045e+01 3.725639078714250019e+01
2.501775830004507384e+01 3.963553530751710241e+01
2.503845339099618172e+01 3.882561376866620151e+01
2.505958865669666125e+01 3.882561376866620151e+01
2.507876376921633010e+01 4.077448747152620001e+01
2.509825525733711160e+01 4.330549228043530263e+01
2.509979586895993009e+01 4.614021766641359790e+01
2.511939052303760178e+01 4.330549228043530263e+01
2.511789805552800203e+01 4.611490761832450147e+01
2.513994805937952037e+01 4.224247026069350142e+01
2.513888201115837973e+01 4.583649708934449762e+01
2.513769216378897298e+01 4.920273348519359757e+01
2.516106269188863109e+01 4.776006074411539970e+01
2.517673703960467080e+01 4.882308276385730039e+01
2.519865636657748098e+01 5.026575550493549827e+01
2.521918639199757095e+01 4.915211338901539762e+01
2.521834043115111967e+01 5.315110098709190112e+01
2.523881543472754174e+01 5.193621867881550003e+01
2.523766685374089036e+01 5.537838521893190347e+01
2.523989523840960203e+01 5.947861300936470030e+01
2.525995070042802126e+01 5.193621867881550003e+01
2.525880211944136988e+01 5.537838521893190347e+01
2.526107177049284047e+01 5.955454315363199669e+01
2.527931838940054377e+01 5.423943305492279876e+01
2.527823858571848348e+01 5.780814983548469854e+01
2.528024688301251288e+01 6.150341685649200230e+01
2.529835594731103043e+01 5.593520627689189695e+01
2.529796391667487043e+01 6.076942546190839778e+01
2.530009601311716239e+01 6.469248291571750542e+01
2.531960813442932334e+01 6.170589724120480213e+01
2.532123127881764191e+01 6.469248291571750542e+01
2.533864569233981001e+01 6.340167046317390032e+01
2.535812342499968253e+01 6.590736522399390651e+01
2.537986393098055160e+01 6.702100733991389347e+01
2.539815869400147363e+01 6.735003796507210438e+01
2.541992671090418199e+01 6.851430017717029841e+01
2.543835902853428266e+01 6.909643128321940253e+01
2.545949429423476218e+01 6.909643128321940253e+01
2.548061580447433272e+01 6.907112123513030610e+01
2.549867672465964219e+01 6.896988104277400566e+01
2.551981199036012171e+01 6.896988104277400566e+01
2.553792793238910974e+01 6.896988104277400566e+01
2.555891188801949099e+01 6.869147051379400182e+01
2.557985457726713108e+01 6.833712984054669448e+01
2.559754410000765290e+01 6.755251834978490422e+01
2.561867936570813953e+01 6.755251834978490422e+01
2.563930567935465277e+01 6.661604657048850697e+01
2.565678887018141197e+01 6.545178435839029873e+01
2.568029695289025227e+01 6.426221209820299407e+01
2.567826802240485051e+01 6.608453556061759571e+01
2.569841289491922964e+01 6.426221209820299407e+01
2.569940328810533003e+01 6.608453556061759571e+01
2.571792501623139060e+01 6.127562642369019841e+01
2.571887414303474273e+01 6.302201974183749655e+01
2.572002960175185038e+01 6.514806378132119846e+01
2.573936290207207378e+01 6.183244748165019899e+01
2.575665351644598289e+01 6.031384459630469763e+01
2.577778878214646241e+01 6.031384459630469763e+01
2.580153070769090107e+01 5.955454315363199669e+01
2.581882132206481373e+01 5.803594026828650243e+01
2.583942012478949124e+01 5.704884839281189812e+01
2.585753606681848282e+01 5.704884839281189812e+01
2.587788727124664234e+01 5.560617565173370025e+01
2.589840354120581267e+01 5.446722348772460265e+01
2.591890605570407047e+01 5.330296127562640152e+01
2.594004132140454999e+01 5.330296127562640152e+01
2.596036501491087023e+01 5.180966843836999658e+01
2.597777942843304189e+01 5.051885598582639858e+01
2.599807561101752285e+01 4.897494305239180079e+01
2.599899722689903214e+01 5.067071627436089898e+01
2.601922463217893267e+01 4.900025310048089722e+01
2.602013249259951166e+01 5.067071627436089898e+01
2.603723053052057068e+01 4.879777271576819686e+01
2.605818697522911975e+01 4.846874209061000016e+01
2.607912966447675274e+01 4.811440141736269993e+01
2.610026493017723226e+01 4.811440141736269993e+01
2.612130390765129206e+01 4.793723108073910311e+01
2.613930980599293008e+01 4.773475069602630327e+01
2.616026625070148270e+01 4.740572007086809947e+01
2.617838219273047073e+01 4.740572007086809947e+01
2.619814191233915324e+01 4.487471526195899685e+01
2.619914606098616261e+01 4.672234877246270202e+01
2.621919464527412202e+01 4.472285497342439697e+01
2.623645774872620251e+01 4.315363199190080223e+01
2.625759301442668203e+01 4.315363199190080223e+01
2.628044083501145067e+01 4.074917742343709648e+01
2.629669978981651113e+01 3.733232093140979657e+01
2.631943756671394041e+01 3.472538597823339757e+01
2.631848156218014267e+01 3.852189319159710124e+01
2.633962370561108202e+01 3.297899266008609942e+01
2.633961682788062220e+01 3.852189319159710124e+01
2.635720318466426093e+01 3.199190078461149866e+01
2.638023670397143050e+01 2.437357630979499845e+01
2.637973462964792049e+01 2.900531511009869945e+01
2.639650253650694367e+01 2.652493039736780034e+01
2.641914402517794969e+01 2.374082510756770148e+01
2.641846312986251277e+01 2.804353328271319867e+01
2.644135909456048950e+01 2.017210832700580170e+01
2.644027929087843276e+01 2.374082510756770148e+01
2.643959839556299229e+01 2.804353328271319867e+01
2.645762492709601332e+01 2.232346241457860003e+01
2.648072034597730351e+01 2.037458871171860153e+01
2.650129163778015240e+01 1.933687674006580082e+01
2.651940757980914043e+01 1.933687674006580082e+01
2.653894721204313356e+01 1.640091116173120156e+01
2.653995136069014293e+01 1.824854467223489962e+01
2.655737952967323068e+01 1.698304226778029857e+01
2.657799208785883138e+01 1.602126044039480135e+01
2.659881097795820182e+01 1.543912933434570078e+01
2.661666556622974156e+01 1.495823842065300013e+01
2.664006360525124251e+01 1.356618577575300044e+01
2.666063489705408074e+01 1.252847380410019973e+01
2.667988566460880051e+01 9.060997215894710521e+00
2.667875083908307232e+01 1.252847380410019973e+01
2.669908828805031220e+01 1.106049101493290010e+01
2.671643392426788211e+01 9.643128321943809311e+00
2.673976318598479196e+01 8.124525436598329264e+00
2.673807814202233146e+01 1.057960010124019945e+01
2.676010063495203184e+01 6.656542647431029636e+00
2.675862192290334107e+01 9.491268033409259175e+00
2.675921340772282164e+01 1.057960010124019945e+01
2.677821657698101276e+01 6.656542647431029636e+00
2.679852651502642047e+01 5.137939762085549589e+00
2.681911156229018189e+01 4.125537838521889711e+00
2.682037706469463956e+01 6.454062262718299969e+00
2.683717248247549136e+01 4.024297646165529763e+00
2.683849300672362048e+01 6.454062262718299969e+00
2.686106571809003185e+01 3.543406732472790033e+00
2.687878275175240361e+01 2.809415337889140218e+00
2.689969793007819021e+01 2.404454568463679998e+00
2.692077817393500183e+01 2.303214376107309835e+00
2.693889411596398986e+01 2.303214376107309835e+00
2.695994684889896220e+01 2.151354087572769913e+00
2.698102709275577382e+01 2.050113895216400195e+00
2.699914303478476185e+01 2.050113895216400195e+00
2.702020952318065383e+01 1.923563654770940046e+00
2.703825668790505077e+01 1.797013414325490110e+00
2.705939195360553384e+01 1.797013414325490110e+00
2.708052721930602047e+01 1.797013414325490110e+00
