 2.01049170452549e+000    1.78308777390126e-001
-4.45771943475314e+000    1.19484952686931e+000
-5.13541326773926e+000    3.18726939584850e+000
-5.72274792299390e+000    4.91403328229713e+000
-5.70768806003865e+000    4.86975728520870e+000
 7.33565924550087e+001    4.20772570969604e-001
 7.31156346477247e+001    1.12918852438443e+000
 7.68655405235812e+001    2.10446524936623e+000
 7.40719359453829e+001    4.31766270926935e+000
 7.61577269646846e+001    4.18543711252228e+000
 7.75055846991792e+001    6.22273537310810e+000
 1.69174970507768e+002    7.14741095856028e-001
 1.69009312015261e+002    1.20177706382872e+000
 1.68632815441379e+002    2.30867699103938e+000
 1.68045480786125e+002    4.03544087748802e+000
 1.67970181471349e+002    4.25682086293015e+000
 1.73459501518536e+002    6.11821992419869e+000
 2.56861022564695e+002    9.17748048492759e-001
 2.56740543661053e+002    1.27195602520017e+000
 2.56364047087172e+002    2.37885595241083e+000
 2.57802263999398e+002    4.15049823046610e+000
 2.55611053939409e+002    4.59265580683216e+000
 2.59104942145026e+002    6.32062448231721e+000
 3.38621018548731e+002    5.43359855425316e-001
 3.38515599508044e+002    8.53291835044301e-001
 3.38093923345298e+002    2.09301975352024e+000
 3.37355990060490e+002    4.26254361085314e+000
 3.37265630882759e+002    4.52819959338370e+000
 3.38839386561582e+002    5.90135789764313e+000
 5.16154212996662e+002    5.95768178509576e-001
 5.15928315052333e+002    1.25990813483597e+000
 5.21658592906805e+002    2.41289124268969e+000
 5.14919304234332e+002    4.22639993976055e+000
 5.16583419090886e+002    5.33390226148942e+000
 5.20393564418564e+002    6.13207499811752e+000
 6.85524961722848e+002    6.45766923520996e-001
 6.85434602545117e+002    9.11422906051555e-001
 6.85193644737833e+002    1.61983885946638e+000
 6.86210185487312e+002    4.63120905599759e+000
 6.88039958836375e+002    5.25167540975377e+000
 6.85743329735699e+002    6.00376496573881e+000

 8.54971009763811e+002    4.74385683090284e-001
 8.58826334680354e+002    1.13973042845310e+000
 8.57064330714590e+002    6.32002208779900e+000
 8.58954343515474e+002    6.76338445320147e+000
 9.40511031349615e+002    9.86722220827791e-001
 9.33922341306694e+002    2.35747094701438e+000
 9.33018749529379e+002    5.01403077231997e+000
 9.38417710398835e+002    7.14108581611907e+000
 9.37890615195402e+002    8.69074571421400e+000
 1.02812178409176e+003    1.41110915890665e+000
 1.02585527471700e+003    2.07464672071484e+000
 1.02666097738511e+003    5.70588087648402e+000
 1.02412339047715e+003    7.16638638588389e+000
 1.02364147486258e+003    8.58321829271354e+000
 1.11369192540348e+003    1.83489370246731e+000
 1.10949022363896e+003    2.18789689013830e+000
 1.11215581938204e+003    6.35104540548681e+000
 1.11168896363043e+003    7.72360131522803e+000
 1.10730654351045e+003    8.60791646796014e+000
 1.19129539921187e+003    1.68068070580558e+000
 1.19528626289501e+003    1.94754147737256e+000
 1.19373509701062e+003    6.50796917748048e+000
 1.19319294194423e+003    8.10190507266384e+000
 1.19304234331468e+003    8.54466504354810e+000
 1.37275921789112e+003    2.17705378881052e+000
 1.37266885871339e+003    2.44270977134108e+000
 1.37323360357421e+003    6.78235988052509e+000
 1.37293240631510e+003    7.66787982229362e+000
 1.37057553776261e+003    8.59707336663236e+000
 1.53608343164077e+003    2.00386536482518e+000
 1.53597801260009e+003    2.31379734444417e+000
 1.53447202630456e+003    6.74139705328682e+000
 1.53439672698978e+003    6.96277703872895e+000
 1.54399738962375e+003    8.73682889485706e+000

 1.70589091639266e+003    7.69860194272232e-001
 1.70950528350192e+003    2.14362089304987e+000
 1.70942998418714e+003    2.36500087849201e+000
 1.71067242288095e+003    4.71223111869682e+000
 1.70574784769459e+003    7.19048216661228e+000
 1.70759268090660e+003    7.76667252328004e+000
 1.78709369744735e+003    2.03368389347657e+000
 1.78887829120755e+003    2.78697823849803e+000
 1.79704073692929e+003    2.78938781657087e+000
 1.79176978489496e+003    6.28598679752014e+000
 1.79146858763585e+003    7.17150673928867e+000
 1.78905147963154e+003    8.27780427198113e+000
 1.78872016264652e+003    9.25187620792651e+000
 1.88903390979142e+003    2.32945960191762e+000
 1.89104440149595e+003    2.41861399061269e+000
 1.89081850355162e+003    3.08275394693908e+000
 1.88140608920459e+003    6.75525212720564e+000
 1.88110489194548e+003    7.64077206897417e+000
 1.88065309605683e+003    8.96905198162697e+000
 1.88051755729023e+003    9.36753595542281e+000
 1.96060590848623e+003    1.90778343917070e+000
 1.96045530985668e+003    2.35054341005497e+000
 1.96227002334279e+003    3.01528576089958e+000
 1.95260159132552e+003    7.44047589166939e+000
 1.96280464847770e+003    7.44348786426044e+000
 1.95809091137271e+003    9.30187495293793e+000
 1.95789513315429e+003    9.87746291508747e+000
 2.04227554529254e+003    1.79905122863382e+000
 2.04197434803343e+003    2.68457117040235e+000
 2.04182374940388e+003    3.12733114128661e+000
 2.04054366105268e+003    6.89079089380287e+000
 2.04039306242313e+003    7.33355086468713e+000
 2.03980572776788e+003    9.06031475113576e+000
 2.04139454330966e+003    1.03891970583068e+001
 2.21943224316659e+003    2.95835947892874e+000
 2.21928164453703e+003    3.40111944981301e+000
 2.22090057980472e+003    4.64144976280716e+000
 2.21812203508948e+003    6.81037122562185e+000
 2.21803167591175e+003    7.07602720815241e+000
 2.21357395647700e+003    8.18172234632665e+000
 2.21267036469968e+003    1.08382821716322e+001
 2.38880299189277e+003    3.00835822394016e+000
 2.39049722647524e+003    4.02730855149218e+000
 2.38936773675360e+003    7.34800833312417e+000
 2.38929243743882e+003    7.56938831856630e+000
 2.38906653949449e+003    8.23352827489270e+000
 2.38891594086494e+003    8.67628824577696e+000
 2.39005296051806e+003    1.13334504656008e+001
