-4.00775886321795e-001    2.12724634390717e+001
 8.62324598853939e+001    2.94318557601662e+001
 1.68536625091927e+002    3.72373609993732e+001
 2.53663496325398e+002    4.39567734579753e+001
 3.40400381033232e+002    5.42794671457551e+001
 5.28160428810456e+002    7.30998928960993e+001
 6.95418717023597e+002    8.40193083160996e+001

-1.64801808427152e+000    2.52407369932924e+001
 7.66207485427453e+001    3.88217090228867e+001
 1.72119423317062e+002    5.20154782411269e+001
 2.53297270084449e+002    6.63131086290207e+001
 3.38907836353137e+002    8.31279274654874e+001
 5.21108846189914e+002    1.05923289915946e+002
 6.99951630496478e+002    1.18627688085802e+002

-1.54436914815381e+000    2.74040383599777e+001
 8.12434910935950e+001    4.53049499770492e+001
 1.74316780762757e+002    6.78774672148544e+001
 2.54074637105332e+002    8.25378688791602e+001
 3.40897895926597e+002    9.46633137058443e+001
 5.25817962854196e+002    1.14209282009013e+002
 6.97698993618187e+002    1.31611938383175e+002
