-1.02749482749763e-002    2.03354303568676e+001
 4.12940830309229e-001    2.23099017808354e+001
 8.11926412688627e-001    2.14221462498774e+001
 1.21098672196457e+000    2.08207815499292e+001
 1.64143232778953e+000    2.05035658740945e+001
 1.99390041706949e+000    2.13375180395399e+001
 2.44052439599651e+000    2.30239172773255e+001
 2.83980888596209e+000    2.32817250704068e+001
 3.23901864903112e+000    2.32531420324782e+001
 3.62279730796355e+000    2.40848523910272e+001
 4.05503635930560e+000    3.06410166594275e+001

 1.82146810329125e-002    3.95219346793516e+001
 4.17872805481218e-001    4.12116966274818e+001
 8.19847463722427e-001    5.17795743369156e+001
 1.21823523092946e+000    4.86006921578793e+001
 1.59254225572478e+000    4.31323646859369e+001
 2.01456240396426e+000    4.05245828137479e+001
 2.41227762910239e+000    3.47681831556234e+001
 2.81849303872254e+000    3.15887405248630e+001
 3.22418536006688e+000    2.64045620770341e+001
 3.61272785865408e+000    1.54936879124574e+001
 4.03385128413501e+000    9.44921606815093e+000

 8.91118241302490e-003    6.38662762186322e+001
 4.32351141686866e-001    6.66999201356293e+001
 8.03015230275602e-001    7.72700396519595e+001
 1.19975900575864e+000    6.77905591907077e+001
 1.61327896951610e+000    6.26058202911547e+001
 2.02679893327355e+000    5.74210813916016e+001
 2.44508273668577e+000    4.04937579689229e+001
 2.81789522355018e+000    2.92976138767847e+001
 3.22082264972234e+000    1.35169746815934e+001
 3.59326150210403e+000    8.88876434406131e-001
 3.99262071896615e+000    1.43307505849715e+000

 2.81533582734351e-002    7.76119152036541e+001
 4.43242586858341e-001    7.84413837553068e+001
 7.74992644071121e-001    8.98734780232868e+001
 1.22615628196326e+000    7.89581202449174e+001
 1.61544604951591e+000    7.09111543904387e+001
 2.03507493706594e+000    5.91388659259363e+001
 2.40781269703381e+000    4.76563310027882e+001
 2.81879194630872e+000    3.27343038489022e+001
 3.20389700765484e+000    8.64945145787505e+000
 3.61652024865375e+000    2.80225862044808e-002
 4.01587946551587e+000    5.72221210295498e-001

 3.56073662038270e-002    7.61794005968811e+001
 3.82265439277391e-001    8.47464656513150e+001
 7.99596474758655e-001    9.41676591332614e+001
 1.25090956644389e+000    8.38250830169116e+001
 1.64840061089238e+000    7.72095108657578e+001
 2.00585672051674e+000    6.71600510011069e+001
 2.43777818254847e+000    4.24990542377156e+001
 2.81819413113636e+000    3.04431772008239e+001
 3.20449482282720e+000    1.09405781059534e+001
 3.63239971416962e+000    8.86074175785683e-001
 4.02370710792899e+000    5.71660758571409e-001

 4.22206965480844e-003    7.58952515727676e+001
 4.14696912378043e-001    8.90400863095655e+001
 7.95131542690075e-001    1.07055806980426e+002
 1.20723169541317e+000    9.64296422916871e+001
 1.61053275606806e+000    8.20809572515447e+001
 2.02076473637752e+000    6.42950217875608e+001
 2.43069780910080e+000    4.53635229995376e+001
 2.82639540803221e+000    3.18745709041487e+001
 3.21172465006795e+000    8.64889100615096e+000
 3.58520967900128e+000    3.02643931008393e-002
 4.03153475034211e+000    5.71100306847319e-001

 4.59570413753485e-003    7.73272057278166e+001
 4.15369454446951e-001    9.16176037886537e+001
 8.11683550274855e-001    1.10491376049096e+002
 1.20842732575789e+000    1.01011895587844e+002
 1.62015384399826e+000    8.89537767440557e+001
 2.05454129361599e+000    7.37436774039876e+001
 2.41691069668820e+000    5.25244146782306e+001
 2.84257378113426e+000    3.38781858177691e+001
 3.21299500730922e+000    1.35175351333175e+001
 3.60108914451715e+000    8.88315982682042e-001
 4.02378183482554e+000    8.58051589581202e-001
