1.768188845971803147e+00 -6.833712984054669537e-01
4.757319280754401802e+00 -6.833712984054669537e-01
5.273623628580502043e+00 -6.833712984054669537e-01
5.762754063363102475e+00 -6.833712984054669537e-01
6.251760698997502530e+00 -9.111617312072890496e-01
6.740891133780101185e+00 -9.111617312072890496e-01
7.447536672058800988e+00 -6.833712984054669537e-01
7.991014932928301562e+00 -6.833712984054669537e-01
8.969152003345302049e+00 -9.111617312072890496e-01
9.458406237276101081e+00 -6.833712984054669537e-01
1.095297145466745192e+01 -6.833712984054669537e-01
1.144210188945006124e+01 -6.833712984054669537e-01
1.339862362858050204e+01 -6.833712984054669537e-01
1.391492797640658097e+01 -6.833712984054669537e-01
1.684971058510224040e+01 -6.833712984054669537e-01
1.736601493292832288e+01 -6.833712984054669537e-01
2.233884101988485327e+01 -6.833712984054669537e-01
2.532797145466745192e+01 -6.833712984054669537e-01
