 2.87494554812559e-001    2.64693977725242e+001
 3.46616800748088e-001    2.52064501504342e+001
 4.10819062086761e-001    2.51989233158224e+001
 4.86971388268131e-001    2.36119950156953e+001
 5.12502064992852e-001    2.21296310278103e+001
 6.50155121284447e-001    2.21203802775840e+001
 5.97248970856017e-001    2.10750076495303e+001
 8.24854346011534e-001    2.10630522618065e+001
 7.97362822165492e-001    2.00658493162289e+001
 1.08260941826417e+000    2.07149495931239e+001
 1.26144041153594e+000    2.13907960876109e+001
 1.77180863289028e+000    2.28079966716648e+001
 2.20976002890684e+000    2.31711947214509e+001
 2.94963218980832e+000    2.43118289298547e+001
 3.80543649322160e+000    2.63495119536143e+001
 5.25455017570426e+000    2.94941196958669e+001
 9.36170828026540e+000    3.35377286491204e+001
 1.61232793987552e+001    3.63302257071811e+001
 2.18892200695817e+001    3.93716965812189e+001
 2.82409870963114e+001    4.19864517493002e+001
 3.40415296061649e+001    4.47802073352699e+001
 6.89549147674116e+000    3.14519453794482e+001
 1.14765806874533e+001    3.81607763249148e+001
 1.22867399834991e+001    3.35217066978577e+001
 1.58501863030921e+001    3.81391285568859e+001
 2.11546205910019e+001    4.26932846532518e+001
 2.68357438964767e+001    4.33718437613044e+001
 7.89820107716163e+000    3.46515885560509e+001
 9.20451578482827e+000    3.24703385890401e+001
 7.89938057229108e+000    3.19575627389192e+001
 5.07835979522352e+000    3.14688576645451e+001
 4.66538866262826e+000    2.90266108619747e+001
 4.28600025422624e+000    2.67739028570387e+001
 3.26555993053664e+000    2.72238227080954e+001
 2.66339387450149e+000    2.59426927423226e+001
 2.44680725416501e+000    2.39293226011055e+001
 1.89654496980757e+000    2.20787997329713e+001
 1.62767692211097e+000    2.13812156252600e+001
 1.39684213343924e+000    2.13869633876424e+001
 1.24033364204955e+000    2.00502743244183e+001
 1.06433595342895e+000    2.10536185886341e+001
 9.94482746583082e-001    2.00580603085850e+001
 9.29019822825140e-001    2.14022983090957e+001
 6.84261543207290e-001    2.03987792904194e+001
 7.83833829870337e-001    2.14086911044411e+001
 4.32396004244646e-001    2.24974748827091e+001
 2.32498714142407e+000    2.51222778664412e+001
 4.00386955981958e+000    2.85682188122565e+001
 4.58623020989380e+000    3.09691225105651e+001
 5.91740611411192e+000    3.19737919855100e+001
 7.37961552316618e+000    3.35517541381490e+001
 9.68448182735359e+000    3.52044371581809e+001
 1.58482929397795e+001    4.06902506122867e+001
 2.38260996846476e+001    4.33809118729151e+001
 1.81550450688772e+001    4.20190666966854e+001
 1.40729990210971e+001    3.75345884078273e+001
 1.07240041885947e+001    3.51981293964391e+001
 6.44178052645216e+000    3.30209142405153e+001
 5.81908955184922e+000    2.80910464144401e+001
 9.04807095410482e+000    3.52086429606612e+001
 9.68303579002925e+000    3.81721748219241e+001
 1.24958235556761e+001    3.57629018376723e+001
 1.55845111650472e+001    3.63323957914430e+001
 1.94354922235719e+001    3.81254626100293e+001
 2.82367702964717e+001    4.55259139387810e+001
 3.18064072894248e+001    4.33588926042454e+001
 3.61564983481389e+000    2.90396170613138e+001
 2.53177324659975e+000    2.20675929832228e+001
 1.86475576323127e+000    2.10328793774573e+001
 1.26155343613773e+000    2.03768593802142e+001
 9.28992077869743e-001    2.17515551538003e+001
 7.83740198023478e-001    2.28407160646428e+001
 7.07768998560925e-001    2.28448092877038e+001
 5.87185486207710e-001    2.10756370684039e+001
 1.35032718817591e+000    2.00472805199430e+001
 1.62782276137082e+000    2.03677330375890e+001
 1.92876089004985e+000    2.39393298515999e+001
 2.40543552755863e+000    2.47174221217332e+001
 2.94927984534580e+000    2.59380444554028e+001
 3.43666233012092e+000    2.59310735865848e+001
 7.13302161863041e+000    3.35537582581950e+001
 1.36039608326647e+001    3.57575619039716e+001
 8.74729199297826e+000    3.19518367365207e+001
 4.78823248455383e-001    2.21322748098042e+001
 5.77308809761057e-001    2.07378525266604e+001
 1.10109796019499e+000    2.13959074226868e+001
 1.35008524304445e+000    2.20919914309782e+001
 1.60015542260975e+000    2.20853945970428e+001
 1.42086679350384e+000    2.07050534574534e+001
 3.12686101317331e+001    4.47868946854565e+001
 2.38310812052022e+001    3.87337351189626e+001
 3.18111571688108e+001    3.99879078688954e+001
 3.46575396090659e-001    2.68925067896471e+001
 2.92413050165564e-001    2.69005394920115e+001
 4.03945124035637e-001    2.36197532383962e+001
 6.28354762669495e-001    2.36014197276907e+001
 5.67530460945529e-001    2.17704021407086e+001
 7.83810420859987e-001    2.17580522710040e+001
 9.77696780017172e-001    2.03859898121570e+001
 1.19881560449473e+000    2.07112379880799e+001

 3.02576202662361e-001    2.44093182999751e+001
 3.46689270801532e-001    2.25062111713201e+001
 4.32538077139955e-001    1.88280298483236e+001
 4.55201358318217e-001    1.79339629383537e+001
 5.03986941945532e-001    1.94423136492029e+001
 5.58201067486515e-001    1.73564469349758e+001
 5.67886510299052e-001    1.54966761112054e+001
 7.32762133461715e-001    1.54897354942485e+001
 4.87189589661962e-001    1.85218424753747e+001
 4.62878399241913e-001    2.07459055133083e+001
 4.25173732547991e-001    2.07490036484748e+001
 6.96383810081957e-001    1.49976465055266e+001
 7.71271127724420e-001    1.36071099067035e+001
 8.11731162011479e-001    1.25480858956390e+001
 8.39943813879288e-001    1.13860252792714e+001
 9.30019193273511e-001    1.19504434532731e+001
 1.12140833186718e+000    1.06667483565132e+001
 1.18027142695078e+000    9.67862670959840e+000
 1.28520727188979e+000    8.64051423860101e+000
 1.39934739617731e+000    8.09757799241489e+000
 1.63093711368964e+000    7.22818248865795e+000
 1.80653967945677e+000    6.14684538338424e+000
 2.25395073334851e+000    5.05970128860777e+000
 2.81225244727918e+000    4.09795860511051e+000
 3.16796109130908e+000    3.77856829508293e+000
 3.69280488881303e+000    3.11065428178322e+000
 4.76707936628070e+000    2.43898256220882e+000
 6.70260221856758e+000    1.49986543319908e+000
 7.42249601194057e+000    1.45182635175851e+000
 9.10771563609413e+000    1.00016427213199e+000
 1.09780621734505e+001    1.08412201154689e+000
 1.41644987829299e+001    1.11929201972990e+000
 1.79667985546561e+001    1.19366214819310e+000
 2.35748262075229e+001    1.35804166934249e+000
 3.66662241749112e+001    1.47138175652630e+000
 4.12940959530805e+001    1.54427369659987e+000
 8.65271574347171e+000    1.15712251871129e+000
 1.00823169504945e+001    1.17568915622597e+000
 8.36158249423221e+000    1.31717804812801e+000
 1.17481167882955e+001    1.19455370517442e+000
 1.36911842789818e+001    1.11935887750326e+000
 1.76614253200142e+001    1.29432664448940e+000
 4.34460636397197e+001    1.70162854377334e+000
 2.88996737456258e+001    1.57045880995279e+000
 1.98923656413663e+001    1.29405608543551e+000
 1.46524256286156e+001    1.19409001246976e+000
 1.17488185291423e+001    1.15650064720464e+000
 8.08169288691687e+000    1.36059924099045e+000
 5.10329407616440e+000    2.21297962549323e+000
 5.27814221446705e+000    2.60165959737554e+000
 5.94930219073942e+000    1.73545032167417e+000
 5.65276439363808e+000    1.88191756583778e+000
 5.46240574747208e+000    2.17718650894056e+000
 4.23093209222120e+000    2.96249949245659e+000
 3.95089209775574e+000    3.90138187427668e+000
 3.06127898987091e+000    4.37141778391488e+000
 2.14160451797513e+000    5.48672619089280e+000
 2.33138405801722e+000    5.66641313900980e+000
 2.53873910976635e+000    4.97741882687677e+000
 1.86832341603296e+000    7.46423227963657e+000
 2.03443274631410e+000    6.66363185889429e+000
 1.06573548378387e+000    1.03278794704915e+001
 1.37544010693293e+000    9.21737609115109e+000
 9.58206171335343e+000    1.12006112528046e+000
 1.19530312763497e+001    1.01600000872356e+000
 1.62261711566852e+001    1.15584458985605e+000
 2.31845197927377e+001    1.15511990682250e+000
 2.61084426590347e+001    1.27266961346716e+000
 3.36815168140344e+001    1.42472294594204e+000
 4.12928627147552e+001    1.56947417511136e+000
 4.73017124070810e+001    1.64717639879253e+000
 1.59508589168162e+001    1.23319573465321e+000
 1.56858384697493e+001    1.08344229661380e+000
 3.09333033942700e+001    1.54505793658809e+000
 3.92393431452734e+001    1.59522881079700e+000
 1.36928199369115e+001    1.04917938542992e+000
 1.30087590977366e+001    1.21382969465682e+000
 1.06105904044487e+001    1.11986043811473e+000
 2.99103675085758e+001    1.27236558145268e+000
 1.95577687144783e+001    1.27331592273531e+000
 1.98941479900881e+001    1.23271704218162e+000
 2.89065793285454e+001    1.37970853859196e+000
 3.54378269458642e+001    1.54468883287729e+000
 3.79224757136015e+001    1.72981008237558e+000
 2.31803657019822e+001    1.27293570107372e+000
 2.43869121673092e+001    1.44879438546427e+000
 3.01023662133081e+000    3.96694232548032e+000
 2.67199836722326e+000    4.51633217476734e+000
 2.95845449496502e+000    4.81756578725935e+000
 3.56876823657239e+000    3.42812844360301e+000
 3.95372497397531e+000    2.64545797832201e+000
 5.01730494249094e+000    2.21304571757568e+000
 6.05072222657219e+000    1.82175057495132e+000
 6.93410911008547e+000    1.52425018151226e+000
 6.05180656016677e+000    1.65313955183801e+000
 6.70460426356510e+000    1.27571393214577e+000
 8.79969628161260e+000    1.25463059537502e+000
 2.17785308775980e+000    6.14482637010705e+000
 6.18302428134829e-001    1.47599200603495e+001
 1.02993877489652e+000    1.13819454583037e+001

 2.84902579673596e+000    3.58559444442440e+001
 3.05096529510978e+000    2.72270750828047e+001
 2.57316524219361e+000    3.36139375571109e+001
 2.57424134073477e+000    2.67979018513236e+001
 2.90027812906110e+000    2.27882514225005e+001
 3.26838942777598e+000    1.70247998316613e+001
 3.68300243389157e+000    1.31375029331805e+001
 4.29368727659995e+000    1.01371925792645e+001
 4.52014417643904e+000    8.08090850032287e+000
 5.09415760831848e+000    5.84482351048127e+000
 5.74003639049441e+000    4.65867069646828e+000
 6.46780494392199e+000    3.71323661342602e+000
 7.41186326456063e+000    3.15754729254518e+000
 7.67176195829716e+000    2.43694387456620e+000
 1.09764229853210e+001    1.17551360833068e+000
 1.17561893392218e+001    8.23223927435747e-001
 1.37071402817730e+001    5.95392359049686e-001
 1.76999720593030e+001    3.97064635227798e-001
 1.99482885264561e+001    2.82580715763656e-001
 2.61990486649324e+001    1.94646814822208e-001
 2.95154879967850e+001    1.70968976230789e-001
 3.44105284836857e+001    1.29805257293230e-001
 6.03551687725467e+001    7.12455873343386e-002
 7.40362230729931e+001    5.77050245970627e-002
 8.92775087553504e+001    4.98656930390049e-002
 1.27581870996664e+002    4.59599962140295e-002
 1.29787813491224e+002    4.23855199499717e-002
 1.70314109542717e+002    4.59366678545967e-002
 2.05240512032514e+002    5.66768249569333e-002
 2.39050366911390e+002    7.22332701889007e-002
 3.08334603272364e+002    8.91110209773952e-002
 3.35557624979514e+002    1.08199527778251e-001
 3.18822524955765e+002    1.19245960169081e-001
 2.78388241890959e+002    9.98202239164468e-002
 2.69125930445474e+002    9.20650898771230e-002
 3.77854008325678e+002    1.23132804584578e-001
 4.04310222053360e+002    1.44750771793586e-001
 3.13394288549436e+002    1.31412308273690e-001
 2.23401331041954e+002    6.24482194619523e-002
 3.13450451093790e+002    1.19249521527595e-001
 3.52886487434002e+002    1.51989767160354e-001
 2.78454762817981e+002    8.76959105128159e-002
 2.12304125488599e+002    6.14510165104412e-002
 1.41305916195665e+002    4.10291825249511e-002
 1.17231445957767e+002    3.78517565727547e-002
 8.92961747456222e+001    4.45238346154323e-002
 8.06282840596195e+001    4.82858500672101e-002
 4.18125161867497e+002    1.78642029694940e-001
 1.88589819280147e+002    4.66779277264518e-002
 2.27291181785036e+002    5.39806353573395e-002
 2.69222397751349e+002    7.58116910702075e-002
 1.76170424957199e+002    5.06189284400774e-002
 1.46182235860384e+002    4.23766599097146e-002
 4.92066266362931e+001    8.37939401622638e-002
 3.81211930059371e+001    1.01804262945216e-001
 4.22105614927310e+001    1.05135150753733e-001
 4.36880749758340e+001    8.38114596573047e-002
 5.00708858333001e+001    6.68007048865918e-002
 6.68695684405635e+001    5.32282212473689e-002
 7.28213476752712e+001    4.52666238250983e-002
 1.07672481479808e+002    3.97411645489819e-002
 1.48705345054294e+002    3.97186202615169e-002
 1.70354806133833e+002    4.03571316049705e-002
 3.59020203677257e+002    1.33524875350535e-001
 2.39107488045186e+002    6.34597093654704e-002
 1.73222692733078e+002    4.74467334957896e-002
 2.12373882520343e+002    5.14280637760663e-002
 9.72295319639463e+001    4.10561489739438e-002
 6.80359292820772e+001    4.52720317365472e-002
 5.73708002982117e+001    6.15924931657022e-002
 5.17925922809316e+001    7.36096077126055e-002
 4.22256917298654e+001    8.65743310542537e-002
 3.94272944234697e+001    1.19684806264825e-001
 3.10684769904016e+001    1.45405020685703e-001
 2.62037437257118e+001    1.76631396551353e-001
 2.61927898924601e+001    2.21557522198672e-001
 2.53137631506947e+001    2.40249193803073e-001
 1.99459056296925e+001    3.01482508324027e-001
 1.89494554458724e+001    3.48794902097102e-001
 9.74511974945892e+000    1.19494620117769e+000
 9.41273208721449e+000    1.76234888485388e+000
 7.93911416309541e+000    2.10644676773171e+000
 8.21750103111544e+000    1.62572150854019e+000
 9.41723097314860e+000    1.36023357892833e+000
 1.07914732079313e+001    1.17554871581266e+000
 1.13589388795675e+001    1.01609104195458e+000
 1.19558874556043e+001    8.92595131028967e-001
 1.28025583411492e+001    7.00090421467840e-001
 1.57102173575534e+001    4.66929161267722e-001
 1.51879731267283e+001    4.23738124329760e-001
 1.39466412102131e+001    4.98266155654047e-001
 4.75882906464079e+000    6.23652807952699e+000
 3.87609292499917e+000    1.23127288628008e+001
 3.16002365923327e+000    1.47176630908166e+001
 6.14891096950513e+000    2.96055366720384e+000
 5.27215556531088e+000    4.81267643159654e+000
 3.49879936811852e+000    1.56993125020483e+001
 2.32297436270124e+000    4.01722455137239e+001
 3.74824990957815e+000    9.65899096960663e+000
 3.08270150671550e+002    9.98023386087895e-002
