 1.99808287189200e+000    5.28634361233480e+000
 5.52498735438964e+000    1.45374449339207e+001
 1.57151676484338e+001    3.70044052863436e+001
 4.40729153321200e+001    7.13656387665198e+001
 1.23601727281974e+002    8.85462555066079e+001

 1.99808287189200e+000    4.22907488986784e+001
 5.60358878820054e+000    7.26872246696035e+001
 1.57151676484338e+001    1.03083700440529e+002
 4.40729153321200e+001    1.40088105726872e+002
 1.23601727281974e+002    1.41409691629956e+002

 1.99808287189200e+000    7.26872246696035e+001
 5.68330844817213e+000    1.17621145374449e+002
 1.57151676484338e+001    1.57268722466960e+002
 4.40729153321200e+001    2.43171806167401e+002
 1.25360151756584e+002    2.55066079295154e+002

 1.97005580128782e+000    3.96475770925110e+000
 5.60358878820054e+000    2.77533039647577e+001
 1.57151676484338e+001    1.04405286343612e+002
 4.40729153321200e+001    2.20704845814978e+002
 1.23601727281974e+002    2.80176211453744e+002

 1.97005580128782e+000    2.24669603524229e+001
 5.37107664391910e+000    4.49339207048458e+001
 1.42355494120770e+001    7.66519823788546e+001
 3.72007886752862e+001    1.38766519823789e+002
 9.85973018938076e+001    2.16740088105727e+002

 2.02650867063685e+000    3.64757709251101e+002
 5.60358878820054e+000    3.66079295154185e+002
 1.36448675751449e+001    3.66079295154185e+002
 4.40729153321200e+001    4.07048458149780e+002
 1.23601727281974e+002    4.48017621145374e+002

 1.99808287189200e+000    3.66079295154185e+002
 5.52498735438964e+000    3.66079295154185e+002
 1.59387400533125e+001    3.71365638766520e+002
 4.34547053834125e+001    4.22907488986784e+002
 1.21867968194169e+002    4.94273127753304e+002

 1.99808287189200e+000    3.63436123348018e+002
 5.44748846140224e+000    3.64757709251101e+002
 1.59387400533125e+001    3.72687224669604e+002
 4.53358453107778e+001    4.67841409691630e+002
 1.25360151756584e+002    5.92070484581498e+002

 1.99808287189200e+000    3.64757709251101e+002
 5.68330844817213e+000    3.66079295154185e+002
 1.57151676484338e+001    3.68722466960352e+002
 4.46999202671772e+001    4.36123348017621e+002
 1.23601727281974e+002    6.06607929515419e+002

 2.02650867063685e+000    3.66079295154185e+002
 5.37107664391910e+000    3.66079295154185e+002
 1.40358676300677e+001    3.66079295154185e+002
 3.72007886752862e+001    4.28193832599119e+002
 1.00000000000000e+002    5.70925110132159e+002

 1.99808287189200e+000    7.28193832599119e+002
 5.52498735438964e+000    7.29515418502203e+002
 1.61654931191515e+001    7.30837004405286e+002
 4.46999202671772e+001    7.67841409691630e+002
 1.23601727281974e+002    8.57709251101322e+002

 1.99808287189200e+000    7.30837004405286e+002
 5.60358878820054e+000    7.30837004405286e+002
 1.57151676484338e+001    7.37444933920705e+002
 4.46999202671772e+001    7.55947136563877e+002
 1.25360151756584e+002    8.53744493392070e+002

 1.99808287189200e+000    7.28193832599119e+002
 5.60358878820054e+000    7.29515418502203e+002
 1.42355494120770e+001    7.30837004405286e+002
 3.99233516294819e+001    7.29515418502203e+002
 1.21867968194169e+002    8.90748898678414e+002

 1.91517555114536e+000    7.29515418502203e+002
 5.60358878820054e+000    7.30837004405286e+002
 1.59387400533125e+001    7.30837004405286e+002
 4.40729153321200e+001    7.36123348017621e+002
 1.23601727281974e+002    8.37885462555066e+002

 1.99808287189200e+000    7.29515418502203e+002
 5.37107664391910e+000    7.30837004405286e+002
 1.38389867806330e+001    7.29515418502203e+002
 3.77300270501851e+001    7.33480176211454e+002
 1.00000000000000e+002    7.90308370044053e+002