 1.99808287189200e+000    8.47087814770131e-003
 5.60358878820054e+000    2.82311266267936e-001
 1.57151676484338e+001    7.10963369869343e-001
 4.46999202671772e+001    8.88595117693868e-001
 1.23601727281974e+002    9.78309418076341e-001

 1.97005580128782e+000    5.60746464050107e-001
 5.68330844817213e+000    6.79826475344611e-001
 1.57151676484338e+001    9.28536591626665e-001
 4.40729153321200e+001    9.84803757989578e-001
 1.23601727281974e+002    9.78309418076341e-001

 1.99808287189200e+000    4.26880919988705e-001
 5.68330844817213e+000    5.83592165721180e-001
 1.59387400533125e+001    6.94252637523423e-001
 4.46999202671772e+001    8.59306414764997e-001
 1.23601727281974e+002    9.15547911800190e-001

 1.99808287189200e+000    9.21528865159021e-002
 5.68330844817213e+000    2.82336935595657e-001
 1.57151676484338e+001    6.77490566522063e-001
 4.46999202671772e+001    7.37967502631106e-001
 1.21867968194169e+002    8.65313037451549e-001

 1.97005580128782e+000    3.01332238108684e-001
 5.37107664391910e+000    4.37045973765947e-001
 1.38389867806330e+001    7.02364145083040e-001
 3.77300270501851e+001    7.33475370280052e-001
 1.00000000000000e+002    8.69137767281875e-001

 1.91517555114536e+000    1.15902148522730e+000
 5.44748846140224e+000    1.17765741715224e+000
 1.61654931191515e+001    1.61478039890135e+000
 4.46999202671772e+001    2.09361603819596e+000
 1.20158528512254e+002    2.16235849783094e+000

 1.94242186587222e+000    1.15904715455502e+000
 5.52498735438964e+000    1.16513078522474e+000
 1.59387400533125e+001    1.45994301409246e+000
 4.40729153321200e+001    2.02664476217368e+000
 1.10393826002258e+002    2.16220448186462e+000

 1.91517555114536e+000    1.15065328439048e+000
 5.60358878820054e+000    1.16097235413405e+000
 1.57151676484338e+001    1.23397592217060e+000
 4.34547053834125e+001    1.97640988782504e+000
 1.07318562458339e+002    2.17052134404600e+000

 1.97005580128782e+000    1.15070462304592e+000
 5.60358878820054e+000    1.16097235413405e+000
 1.57151676484338e+001    1.16284621505763e+000
 4.34547053834125e+001    1.82578227276228e+000
 1.23601727281974e+002    2.16659393690479e+000

 1.99808287189200e+000    1.15909849321046e+000
 5.29573665355270e+000    1.16505377724157e+000
 1.42355494120770e+001    1.16685063018200e+000
 3.72007886752862e+001    1.70834509844187e+000
 9.85973018938076e+001    2.16199912724286e+000

 1.94242186587222e+000    2.31385887003619e+000
 5.29573665355270e+000    2.32404959314116e+000
 1.59387400533125e+001    2.44320661241882e+000
 4.40729153321200e+001    2.90530585003979e+000
 1.23601727281974e+002    3.24190774443617e+000

 1.99808287189200e+000    2.31391020869163e+000
 5.68330844817213e+000    2.31162563852453e+000
 1.57151676484338e+001    2.37205123597813e+000
 4.46999202671772e+001    2.69194239802860e+000
 1.23601727281974e+002    3.23353954359935e+000

 1.91517555114536e+000    2.30964910029006e+000
 5.37107664391910e+000    2.31152296121365e+000
 1.73485748297752e+001    2.31783761583284e+000
 4.93459522028959e+001    2.31973714608414e+000
 1.20158528512254e+002    2.66445054804015e+000

 1.99808287189200e+000    2.31391020869163e+000
 5.60358878820054e+000    2.31578406961522e+000
 1.61654931191515e+001    2.31770926919424e+000
 4.40729153321200e+001    2.31116359062556e+000
 1.23601727281974e+002    2.56408347665375e+000

 1.97005580128782e+000    2.30970043894550e+000
 5.44748846140224e+000    2.31154863054137e+000
 1.40358676300677e+001    2.31745257591704e+000
 3.77300270501851e+001    2.31088122802064e+000
 9.85973018938076e+001    2.52183176322612e+000
