 1.07331818376710e+000    3.54371221540968e+000
 1.40860952707628e+000    2.89478197487459e+001
 1.97092998327831e+000    8.09522788663551e+001
 2.49948548642970e+000    8.97654675642070e+001
 2.98795180722892e+000    8.79325129700296e+001
 3.47470308279381e+000    8.13660335291343e+001
 3.96059683574154e+000    7.24327916648802e+001
 4.42816104274750e+000    6.29100030013292e+001
 4.91298289242379e+000    5.10183081078763e+001
 5.39994854864297e+000    4.50435192728208e+001
 5.86944218153754e+000    4.08459460618274e+001
 6.33764953050637e+000    3.30982292157956e+001
 7.90337863911161e+000    4.51056896625648e+000
 8.21776786862753e+000    2.22248424302191e+001
 8.79262959310552e+000    5.88432019894525e+001
 9.32247138018265e+000    7.12065343223427e+001
 9.79389443896583e+000    7.23341765639069e+001
 1.02830039017279e+001    7.22762937872486e+001
 1.07337392273721e+001    6.63057925652789e+001
 1.12200617416284e+001    5.85559319127042e+001
 1.16878403292887e+001    4.96248338549929e+001
 1.21750203661622e+001    4.42417356257771e+001
 1.26442996184024e+001    3.94524718089440e+001
 1.31129357286798e+001    3.28881361745916e+001
