 1.09293680297398e+000    4.87723163063931e+001
 1.44609665427509e+000    5.49887557942081e+001
 2.02230483271375e+000    6.98747074211758e+001
 2.48698884758364e+000    7.30184955711598e+001
 2.97026022304833e+000    7.73991463582542e+001
 3.45353159851301e+000    7.86933773922622e+001
 3.91821561338290e+000    7.75161778879251e+001
 4.38289962825279e+000    7.75735462848226e+001
 4.81040892193309e+000    6.65152140988572e+001
 5.36802973977695e+000    6.47322043232824e+001
 5.86988847583643e+000    6.35595942906971e+001
 6.33457249070632e+000    5.99132589838909e+001
