 1.00000000000000e+000    1.73966750733440e+000
 1.38833702197746e+000    7.31380925420763e+000
 1.95621665208366e+000    2.16943743888002e+001
 2.47940364060597e+000    3.77528436872716e+001
 2.95772642270146e+000    5.20407638066807e+001
 3.46615883473159e+000    7.15322456122291e+001
 3.92972704033489e+000    8.92531782387153e+001
 4.40847873453772e+000    1.12162231715477e+002
 4.87170381045516e+000    1.22986257656081e+002
 5.35002659255065e+000    1.37274177775490e+002
 5.82869250433201e+000    1.58459004580781e+002
 6.30787311064217e+000    1.89989191414895e+002
