 1.00027898282861e+000    2.15304997977375e+000
 1.40926780956632e+000    6.40056354531379e+000
 1.95168017408529e+000    2.21121789953828e+001
 2.50950633988478e+000    4.21278020337848e+001
 2.96389962197827e+000    5.49812384047762e+001
 3.43328823110938e+000    6.99856323843267e+001
 3.94529146731019e+000    7.92422826375037e+001
 4.42828048933588e+000    8.92208009597009e+001
 4.88044190880051e+000    9.05913041052323e+001
 5.34773814671707e+000    9.48304481859142e+001
 5.82933225459973e+000    9.76321332421989e+001
 6.35479641228082e+000    1.01145224511431e+002
 7.82252507358172e+000    2.60918690454603e+000
 8.21693704752473e+000    6.85879284130062e+000
 8.78780566056159e+000    1.89778069159843e+001
 9.27177112248741e+000    3.39801085243203e+001
 9.75559709299893e+000    4.82647268060651e+001
 1.02542788991338e+001    6.39826193697778e+001
 1.07085326898129e+001    7.61183724141779e+001
 1.12056800903904e+001    8.39417483853869e+001
 1.17609954107325e+001    9.10390715451464e+001
 1.21847005816792e+001    9.60021760660631e+001
 1.26221456569348e+001    9.66570882562178e+001
 1.31183166176122e+001    9.94566809412881e+001
