 1.25892541179417e-001   -1.42971565879055e+000
 1.04275388885377e+000   -1.32158590308370e+000
 5.01187233627272e+000   -9.01081297557069e-001
 1.02115321517085e+001    1.33360032038446e+000
 4.80638086306439e+001    2.29114937925511e+001

 5.01187233627272e-001   -2.22266720064077e+000
 1.00000000000000e+000    3.98878654385262e+000
 5.01187233627272e+000    3.74249098918702e+001
 9.79284974226603e+000    5.81858229875851e+001
 4.80638086306439e+001    9.55987184621546e+001

 1.28555573191390e-001   -1.44173007609131e+000
 1.02115321517085e+000    3.04084901882259e+001
 5.01187233627272e+000    7.83940728874650e+001
 1.00000000000000e+001    1.12358830596716e+002
 1.95393040468961e+001    1.35762915498598e+002

 2.51188643150958e-001   -1.82619142971566e+000
 1.02115321517085e+000    5.02322787344814e+001
 4.90805127165386e+000    1.29947937525030e+002
 9.79284974226603e+000    1.59947937525030e+002
 1.95393040468961e+001    1.88626351621946e+002

 1.28555573191390e-001   -1.20144173007609e-001
 5.22614936908700e-001    3.87224669603524e+001
 1.02115321517085e+000    7.13776531838206e+001
 4.90805127165386e+000    1.52414897877453e+002
 1.02115321517085e+001    1.87677212655186e+002

 1.28555573191390e-001    3.63315979175010e+002
 7.00574854790968e-001    3.63664397276732e+002
 2.78903873201759e+000    3.64193031637966e+002
 9.79284974226603e+000    3.64793752503004e+002
 4.80638086306439e+001    3.86347617140569e+002

 6.05087500727294e-001    3.62426912294754e+002
 1.55206208913120e+000    3.63207849419303e+002
 3.98107170553497e+000    3.62667200640769e+002
 1.00000000000000e+001    3.70068081698038e+002
 4.90805127165386e+001    4.23340008009611e+002

 1.79698914853259e-001    3.64445334401282e+002
 1.55206208913120e+000    3.63207849419303e+002
 4.90805127165386e+000    3.66511814177012e+002
 1.00000000000000e+001    3.77997597116540e+002
 1.99526231496888e+001    4.11962354825791e+002

 2.51188643150958e-001    3.64253103724469e+002
 5.11788955021074e-001    3.63844613536243e+002
 1.34051823879147e+000    3.64613536243492e+002
 3.66130883536403e+000    3.64036844213056e+002
 1.95393040468961e+001    4.55586704044854e+002

 1.25892541179417e-001    3.64649579495394e+002
 5.01187233627272e-001    3.63856627953544e+002
 1.04275388885377e+000    3.63436123348018e+002
 4.90805127165386e+000    3.67833400080096e+002
 1.00000000000000e+001    3.96499799759712e+002

 1.39783060657921e-001    7.28025630756908e+002
 3.98107170553497e-001    7.28746495794954e+002
 1.11033631816764e+000    7.29479375250300e+002
 2.96980047740645e+000    7.27593111734081e+002
 4.90805127165386e+001    7.72238686423708e+002

 1.48842608569629e-001    7.27989587505006e+002
 5.92553097554568e-001    7.29839807769323e+002
 1.48842608569629e+000    7.29311173408090e+002
 3.29747732777597e+000    7.26211453744493e+002
 4.90805127165386e+001    7.96027232679215e+002

 4.80638086306439e-001    7.29959951942331e+002
 1.31274936892520e+000    7.28061674008811e+002
 5.01187233627272e+000    7.27292751301562e+002
 1.00000000000000e+001    7.38790548658390e+002
 1.95393040468961e+001    7.58229875851021e+002

 2.51188643150958e-001    7.29010812975571e+002
 5.80278344866618e-001    7.27208650380457e+002
 1.36887450953708e+000    7.28037645174209e+002
 3.09677099693535e+000    7.27569082899479e+002
 1.95393040468961e+001    7.72767320784942e+002

 1.28555573191390e-001    7.29395274329195e+002
 5.22614936908700e-001    7.27268722466960e+002
 1.02115321517085e+000    7.28205847016420e+002
 4.90805127165386e+000    7.32591109331197e+002
 9.79284974226603e+000    7.42767320784942e+002
