 4.74161104563523e-001    2.01680672268908e-001
 9.78905437190061e-001    2.31092436974790e-001
 4.94816809215514e+000    3.69747899159664e-001
 9.78905437190061e+000    5.42016806722689e-001
 5.16372330682010e+001    8.61344537815126e-001

 4.84378864954104e-001    4.32773109243698e-001
 9.58255854960265e-001    4.32773109243698e-001
 4.94816809215514e+000    8.61344537815126e-001
 1.00000000000000e+001    1.00420168067227e+000
 5.05479682119124e+001    1.00420168067227e+000

 1.53174046370208e-001    3.78151260504202e-001
 3.83118684955729e-001    5.12605042016807e-001
 9.58255854960265e-001    5.96638655462185e-001
 2.55509709035251e+000    7.77310924369748e-001
 1.49942906828199e+001    8.90756302521008e-001

 1.43683668377883e-001    4.24369747899160e-001
 3.03027108286640e-001    5.37815126050420e-001
 1.11249046219394e+000    7.14285714285714e-001
 3.91374560198038e+000    8.36134453781513e-001
 2.10898783214310e+001    1.00420168067227e+000

 1.18597101233767e-001    5.04201680672269e-001
 4.74161104563523e-001    6.05042016806723e-001
 1.00000000000000e+000    6.72268907563025e-001
 3.83118684955729e+000    7.98319327731092e-001
 1.00000000000000e+001    8.36134453781513e-001

 5.62341325190349e-001    1.16386554621849e+000
 1.11249046219394e+000    1.16386554621849e+000
 2.84252114299665e+000    1.21848739495798e+000
 1.02154913233549e+001    1.67647058823529e+000
 5.05479682119124e+001    2.10924369747899e+000

 3.59381366380463e-001    1.15546218487395e+000
 9.78905437190061e-001    1.15546218487395e+000
 4.84378864954104e+000    1.24789915966387e+000
 1.02154913233549e+001    1.75630252100840e+000
 4.94816809215514e+001    2.16386554621849e+000

 2.15443469003188e-001    1.15546218487395e+000
 3.83118684955729e-001    1.16806722689076e+000
 1.56474814165802e+000    1.16386554621849e+000
 4.84378864954104e+000    1.31512605042017e+000
 9.78905437190061e+000    1.88655462184874e+000

 2.39678804408022e-001    1.16386554621849e+000
 8.25404185268018e-001    1.15966386554622e+000
 5.05479682119124e+000    1.42436974789916e+000
 1.02154913233549e+001    2.00420168067227e+000
 1.93658711085319e+001    2.16806722689076e+000

 1.16095347232715e-001    1.16386554621849e+000
 4.74161104563523e-001    1.15546218487395e+000
 9.78905437190061e-001    1.15546218487395e+000
 4.84378864954104e+000    1.50000000000000e+000
 1.02154913233549e+001    1.91176470588235e+000

 1.16095347232715e-001    2.31092436974790e+000
 4.74161104563523e-001    2.34033613445378e+000
 1.93658711085319e+000    2.36974789915966e+000
 9.78905437190061e+000    2.66386554621849e+000
 4.94816809215514e+001    3.21848739495798e+000

 4.90150238287343e-001    2.31559290382820e+000
 1.06605049898479e+000    2.31932773109244e+000
 4.84378864954104e+000    2.34873949579832e+000
 1.00000000000000e+001    2.34873949579832e+000
 4.84378864954104e+001    3.19747899159664e+000

 1.46779926762207e-001    2.31932773109244e+000
 3.16227766016838e-001    2.32352941176471e+000
 6.81292069057961e-001    2.32352941176471e+000
 5.05479682119124e+000    2.41596638655462e+000
 1.93658711085319e+001    2.71848739495798e+000

 2.44843674682223e-001    2.31512605042017e+000
 9.38041866639814e-001    2.30672268907563e+000
 2.24828753080900e+000    2.38235294117647e+000
 1.02154913233549e+001    2.52521008403361e+000
 2.02094993819108e+001    2.68487394957983e+000

 1.16095347232715e-001    2.32352941176471e+000
 4.64158883361278e-001    2.31512605042017e+000
 9.58255854960265e-001    2.34873949579832e+000
 4.94816809215514e+000    2.49159663865546e+000
 1.00000000000000e+001    2.48319327731092e+000
