 2.55509709035251e+000    2.63157894736842e+000
 3.39519089476922e+000    2.63157894736842e+000
 4.77542848564056e+000    2.63157894736842e+000
 7.10970943231244e+000    2.63157894736842e+000
 9.18254283565628e+000    2.63157894736842e+000
 1.32879134322869e+001    3.94736842105263e+000
 1.81659978837533e+001    6.57894736842105e+000
 2.48348607021091e+001    7.89473684210526e+000
 3.49309081314052e+001    1.44736842105263e+001
 4.77542848564056e+001    1.71052631578947e+001
 6.71677025777881e+001    2.50000000000000e+001
 9.18254283565629e+001    3.02631578947368e+001
 1.29154966501488e+002    3.42105263157895e+001
 1.81659978837533e+002    3.94736842105263e+001
 2.41388207290420e+002    4.60526315789474e+001

 1.02883487892305e+000    3.94736842105263e+000
 1.48881078497792e+000    5.26315789473684e+000
 2.21655755346656e+000    5.26315789473684e+000
 3.30003479112528e+000    7.89473684210526e+000
 4.77542848564056e+000    1.57894736842105e+001
 7.31471704297120e+000    2.23684210526316e+001
 1.08902296226373e+001    3.15789473684211e+001
 1.57590801451446e+001    3.55263157894737e+001
 2.34622884814226e+001    4.73684210526316e+001
 3.49309081314052e+001    6.05263157894737e+001
 5.05479682119124e+001    7.36842105263158e+001
 7.52563602326161e+001    8.28947368421053e+001
 1.12042480752502e+002    8.28947368421053e+001
 1.66810053720006e+002    9.07894736842105e+001
 2.48348607021090e+002    1.00000000000000e+002

 5.05479682119124e-001    1.31578947368421e+000
 7.74263682681127e-001    1.57894736842105e+001
 1.18597101233767e+000    2.36842105263158e+001
 1.81659978837533e+000    4.07894736842105e+001
 2.78255940220712e+000    5.78947368421053e+001
 4.26215882901532e+000    7.63157894736842e+001
 6.71677025777881e+000    8.02631578947368e+001
 1.00000000000000e+001    1.00000000000000e+002
 1.53174046370208e+001    1.02631578947368e+002
 2.34622884814226e+001    1.11842105263158e+002
 3.49309081314052e+001    1.22368421052632e+002
 5.35050854187333e+001    1.36842105263158e+002
 8.43190929286626e+001    1.38157894736842e+002
 1.29154966501488e+002    1.32894736842105e+002
 1.97831888278416e+002    1.56578947368421e+002

 6.34554803192686e-002    1.31578947368421e+000
 1.02883487892305e-001    5.26315789473684e+000
 1.66810053720006e-001    1.84210526315789e+001
 2.70457335692179e-001    3.28947368421053e+001
 4.26215882901532e-001    6.18421052631579e+001
 6.91044751491578e-001    8.94736842105263e+001
 1.12042480752502e+000    1.11842105263158e+002
 1.81659978837533e+000    1.50000000000000e+002
 2.86279416566595e+000    1.69736842105263e+002
 4.64158883361278e+000    1.86842105263158e+002
 7.52563602326161e+000    2.38157894736842e+002
 1.18597101233767e+001    2.84210526315789e+002
 1.92287307060878e+001    3.02631578947368e+002
 3.03027108286640e+001    3.02631578947368e+002
 4.91312738782967e+001    3.01315789473684e+002

 1.29154966501488e-001    0.00000000000000e+000
 1.86898122332476e-001    1.31578947368421e+000
 2.70457335692179e-001    1.31578947368421e+000
 3.91374560198038e-001    3.94736842105263e+000
 5.66351975546128e-001    1.44736842105263e+001
 8.19559043497100e-001    3.68421052631579e+001
 1.22016834288467e+000    5.65789473684211e+001
 1.81659978837533e+000    8.15789473684211e+001
 2.62877300558945e+000    1.25000000000000e+002
 3.80405610478251e+000    2.36842105263158e+002
 5.50478980785497e+000    2.84210526315789e+002
 8.19559043497100e+000    2.94736842105263e+002
 1.18597101233767e+001    3.02631578947368e+002
 1.76568643383950e+001    3.13157894736842e+002
 2.48348607021091e+001    2.71052631578947e+002

 2.70457335692179e+000    3.64473684210526e+002
 3.49309081314052e+000    3.63157894736842e+002
 4.64158883361278e+000    3.63157894736842e+002
 6.34554803192686e+000    3.63157894736842e+002
 8.92518617299241e+000    3.63157894736842e+002
 1.12042480752502e+001    3.63157894736842e+002
 1.40652724210524e+001    3.63157894736842e+002
 2.48348607021091e+001    3.69736842105263e+002
 3.49309081314052e+001    3.80263157894737e+002
 4.91312738782967e+001    3.88157894736842e+002
 6.52852114112785e+001    4.00000000000000e+002
 9.18254283565629e+001    4.03947368421053e+002
 1.29154966501488e+002    4.10526315789474e+002
 1.76568643383950e+002    4.26315789473684e+002
 2.48348607021090e+002    4.43421052631579e+002

 2.09405292741152e+000    3.64473684210526e+002
 2.78255940220712e+000    3.64473684210526e+002
 3.80405610478251e+000    3.64473684210526e+002
 5.50478980785497e+000    3.64473684210526e+002
 6.71677025777881e+000    3.64473684210526e+002
 9.44732034652811e+000    3.64473684210526e+002
 1.15273212119238e+001    3.64473684210526e+002
 1.62134913130684e+001    3.68421052631579e+002
 2.34622884814226e+001    3.75000000000000e+002
 3.49309081314052e+001    3.98684210526316e+002
 5.20055127551089e+001    4.18421052631579e+002
 7.52563602326161e+001    4.50000000000000e+002
 1.12042480752502e+002    4.67105263157895e+002
 1.62134913130684e+002    4.97368421052632e+002
 2.41388207290420e+002    5.18421052631579e+002

 5.82682666188829e-001    3.64473684210526e+002
 7.74263682681127e-001    3.64473684210526e+002
 1.22016834288467e+000    3.64473684210526e+002
 1.86898122332476e+000    3.64473684210526e+002
 2.55509709035251e+000    3.64473684210526e+002
 4.02659798254909e+000    3.64473684210526e+002
 5.99484250318941e+000    3.64473684210526e+002
 9.71973268486748e+000    3.63157894736842e+002
 1.53174046370208e+001    3.73684210526316e+002
 2.34622884814226e+001    3.92105263157895e+002
 3.59381366380463e+001    4.26315789473684e+002
 5.35050854187333e+001    4.72368421052632e+002
 8.19559043497100e+001    5.31578947368421e+002
 1.32879134322869e+002    5.73684210526316e+002
 1.97831888278416e+002    6.02631578947368e+002

 6.52852114112785e-002    3.61842105263158e+002
 1.02883487892305e-001    3.61842105263158e+002
 1.66810053720006e-001    3.63157894736842e+002
 2.78255940220712e-001    3.63157894736842e+002
 4.26215882901532e-001    3.63157894736842e+002
 7.10970943231243e-001    3.61842105263158e+002
 1.00000000000000e+000    3.63157894736842e+002
 1.62134913130684e+000    3.63157894736842e+002
 2.41388207290420e+000    3.63157894736842e+002
 3.91374560198038e+000    3.61842105263158e+002
 5.99484250318941e+000    3.61842105263158e+002
 9.71973268486748e+000    3.61842105263158e+002
 1.86898122332476e+001    3.65789473684211e+002
 3.11764858264486e+001    4.40789473684211e+002
 4.91312738782967e+001    6.46052631578947e+002

 1.29154966501488e-001    3.64473684210526e+002
 1.86898122332476e-001    3.63157894736842e+002
 2.70457335692179e-001    3.63157894736842e+002
 4.14270444784767e-001    3.61842105263158e+002
 5.50478980785497e-001    3.61842105263158e+002
 7.74263682681127e-001    3.63157894736842e+002
 1.22016834288467e+000    3.63157894736842e+002
 1.81659978837533e+000    3.64473684210526e+002
 2.62877300558945e+000    3.63157894736842e+002
 3.80405610478251e+000    3.63157894736842e+002
 5.20055127551089e+000    3.63157894736842e+002
 7.74263682681127e+000    3.63157894736842e+002
 1.08902296226373e+001    3.63157894736842e+002
 1.71620001422169e+001    3.63157894736842e+002
 2.41388207290420e+001    3.85526315789474e+002

 1.97831888278416e+000    7.27631578947368e+002
 2.70457335692179e+000    7.27631578947368e+002
 3.69744084567242e+000    7.26315789473684e+002
 5.35050854187333e+000    7.26315789473684e+002
 7.52563602326161e+000    7.26315789473684e+002
 1.18597101233767e+001    7.27631578947368e+002
 1.76568643383950e+001    7.32894736842105e+002
 2.55509709035251e+001    7.36842105263158e+002
 3.39519089476922e+001    7.40789473684211e+002
 4.77542848564056e+001    7.52631578947368e+002
 6.52852114112785e+001    7.63157894736842e+002
 9.18254283565629e+001    7.88157894736842e+002
 1.25535174931748e+002    8.07894736842105e+002
 1.76568643383950e+002    8.34210526315789e+002
 2.48348607021090e+002    8.77631578947368e+002

 1.00000000000000e+000    7.26315789473684e+002
 1.44708428483331e+000    7.26315789473684e+002
 2.03536346824042e+000    7.27631578947368e+002
 2.94534248881453e+000    7.27631578947368e+002
 4.02659798254909e+000    7.26315789473684e+002
 5.99484250318941e+000    7.25000000000000e+002
 9.18254283565628e+000    7.25000000000000e+002
 1.25535174931748e+001    7.26315789473684e+002
 1.86898122332476e+001    7.27631578947368e+002
 3.39519089476922e+001    7.34210526315789e+002
 4.91312738782967e+001    7.47368421052632e+002
 7.10970943231244e+001    7.63157894736842e+002
 1.15273212119238e+002    8.35526315789474e+002
 1.62134913130684e+002    9.09210526315789e+002
 2.41388207290420e+002    1.01447368421053e+003

 5.20055127551089e-001    7.26315789473684e+002
 7.74263682681127e-001    7.26315789473684e+002
 1.15273212119238e+000    7.26315789473684e+002
 1.76568643383950e+000    7.26315789473684e+002
 2.62877300558945e+000    7.28947368421053e+002
 3.80405610478251e+000    7.26315789473684e+002
 6.34554803192686e+000    7.27631578947368e+002
 9.44732034652811e+000    7.27631578947368e+002
 1.62134913130684e+001    7.26315789473684e+002
 2.28047172214673e+001    7.25000000000000e+002
 3.39519089476922e+001    7.42105263157895e+002
 5.50478980785497e+001    7.60526315789474e+002
 8.19559043497100e+001    7.78947368421053e+002
 1.29154966501488e+002    8.67105263157895e+002
 2.03536346824042e+002    1.01447368421053e+003

 6.34554803192686e-002    7.27631578947368e+002
 1.05850120808860e-001    7.25000000000000e+002
 1.71620001422169e-001    7.25000000000000e+002
 2.62877300558945e-001    7.26315789473684e+002
 4.38505766280077e-001    7.26315789473684e+002
 6.91044751491578e-001    7.25000000000000e+002
 1.02883487892305e+000    7.25000000000000e+002
 1.62134913130684e+000    7.25000000000000e+002
 2.70457335692179e+000    7.27631578947368e+002
 4.02659798254909e+000    7.27631578947368e+002
 6.34554803192686e+000    7.26315789473684e+002
 1.00000000000000e+001    7.26315789473684e+002
 1.57590801451446e+001    7.26315789473684e+002
 2.94534248881453e+001    7.30263157894737e+002
 5.05479682119124e+001    7.48684210526316e+002

 1.29154966501488e-001    7.27631578947368e+002
 1.86898122332476e-001    7.27631578947368e+002
 2.70457335692179e-001    7.26315789473684e+002
 3.80405610478251e-001    7.28947368421053e+002
 5.82682666188829e-001    7.27631578947368e+002
 8.19559043497100e-001    7.26315789473684e+002
 1.15273212119238e+000    7.26315789473684e+002
 1.66810053720006e+000    7.27631578947368e+002
 2.55509709035251e+000    7.27631578947368e+002
 3.59381366380463e+000    7.26315789473684e+002
 5.35050854187333e+000    7.27631578947368e+002
 7.74263682681127e+000    7.27631578947368e+002
 1.05850120808860e+001    7.27631578947368e+002
 1.57590801451446e+001    7.27631578947368e+002
 2.41388207290420e+001    7.30263157894737e+002
