 2.51188643150958e+000    5.83333333333333e-002
 3.54813389233576e+000    8.81856540084388e-002
 4.86967525165863e+000    2.51845991561181e-002
 6.68343917568615e+000    2.96940928270042e-002
 9.17275935389780e+000    5.95200421940928e-002
 1.29568669751702e+001    3.03006329113924e-002
 1.77827941003892e+001    1.44514767932489e-001
 2.44061906804198e+001    2.58728902953586e-001
 3.44746606573149e+001    4.06724683544304e-001
 4.86967525165863e+001    4.91429324894515e-001
 6.68343917568615e+001    5.76107594936709e-001
 9.17275935389779e+001    6.60785864978903e-001
 1.29568669751702e+002    6.65321729957806e-001
 1.83020610631106e+002    7.79562236286920e-001
 2.51188643150958e+002    7.75632911392405e-001

 1.00000000000000e+000    2.79535864978903e-002
 1.49623565609443e+000    5.36392405063291e-002
 2.17520403401952e+000    1.13053797468354e-001
 3.25461783498046e+000    1.72494725738397e-001
 4.86967525165863e+000    2.31935654008439e-001
 7.28618174513228e+000    3.16693037974684e-001
 1.05925372517729e+001    4.60495780590717e-001
 1.58489319246111e+001    4.31329113924051e-001
 2.37137370566166e+001    4.86550632911392e-001
 3.54813389233575e+001    7.14767932489451e-001
 5.15822165072306e+001    8.62790084388186e-001
 7.71791515585012e+001    9.77083333333333e-001
 1.12201845430196e+002    9.77426160337553e-001
 1.67880401812256e+002    1.00733122362869e+000
 2.51188643150958e+002    9.78164556962025e-001

 2.66072505979881e-001   -2.79535864978903e-003
 4.86967525165863e-001    2.72943037974684e-002
 7.71791515585012e-001    2.00712025316456e-001
 1.18850222743702e+000    3.15031645569620e-001
 1.77827941003892e+000    5.72784810126582e-001
 4.34010263644744e+000    7.21281645569620e-001
 6.49381631576211e+000    7.13212025316456e-001
 9.71627951577106e+000    8.57041139240506e-001
 1.53992652605949e+001    8.32146624472574e-001
 2.51188643150958e+001    8.36814345991561e-001
 3.54813389233575e+001    9.76371308016878e-001
 5.46386549881854e+001    1.00208333333333e+000
 8.17523037943650e+001    9.77136075949367e-001
 1.29568669751702e+002    9.48022151898734e-001
 1.93865263595221e+002    9.23074894514768e-001

 6.13055792149821e-002   -4.14029535864979e-003
 1.02920052719443e-001    1.10258438818565e-001
 1.67880401812256e-001    2.83702531645570e-001
 2.58523483956219e-001    3.98022151898734e-001
 4.21696503428582e-001    5.46149789029536e-001
 6.87859912308808e-001    5.71914556962025e-001
 1.09018449238513e+000    6.31408227848101e-001
 1.77827941003892e+000    7.16244725738397e-001
 2.81838293126445e+000    7.16666666666667e-001
 4.59726988530872e+000    8.05722573839662e-001
 7.28618174513228e+000    8.60996835443038e-001
 1.15478198468946e+001    8.31882911392405e-001
 1.93865263595221e+001    8.07041139240506e-001
 3.07255736526745e+001    8.32779535864979e-001
 5.01187233627272e+001    8.33227848101266e-001

 1.25892541179417e-001   -7.70042194092827e-003
 1.83020610631106e-001   -3.13818565400844e-003
 2.66072505979881e-001   -2.79535864978903e-003
 3.98107170553497e-001    1.11497890295359e-001
 5.78761988349121e-001    2.59520042194093e-001
 8.17523037943650e-001    2.85152953586498e-001
 1.22320711904993e+000    2.85522151898734e-001
 1.72782598050786e+000    3.15374472573840e-001
 2.58523483956219e+000    4.54984177215190e-001
 3.75837404288444e+000    4.59546413502110e-001
 5.46386549881854e+000    5.73813291139241e-001
 7.94328234724282e+000    5.74156118143460e-001
 1.18850222743702e+001    6.88449367088608e-001
 1.67880401812256e+001    8.57542194092827e-001
 2.51188643150958e+001    8.32594936708861e-001

 2.17520403401952e+000    1.16790611814346e+000
 2.98538261891796e+000    1.16819620253165e+000
 4.46683592150963e+000    1.16434599156118e+000
 6.30957344480193e+000    1.16888185654008e+000
 9.44060876285923e+000    1.16925105485232e+000
 1.25892541179417e+001    1.16951476793249e+000
 1.77827941003892e+001    1.17827004219409e+000
 2.44061906804198e+001    1.37687236286920e+000
 3.44746606573149e+001    1.69786392405063e+000
 4.73151258961481e+001    1.87536919831224e+000
 6.49381631576211e+001    2.09084915611814e+000
 9.17275935389779e+001    2.10804324894515e+000
 1.22320711904993e+002    2.10408755274262e+000
 1.77827941003892e+002    2.10443037974684e+000
 2.51188643150958e+002    2.10474683544304e+000

 6.49381631576211e-001    1.16679852320675e+000
 1.09018449238513e+000    1.16305379746835e+000
 2.05352502645715e+000    1.16785337552743e+000
 3.65174127254838e+000    1.16416139240506e+000
 5.62341325190349e+000    1.16455696202532e+000
 8.91250938133745e+000    1.16919831223629e+000
 1.72782598050786e+001    1.18668248945148e+000
 2.44061906804198e+001    1.24607067510549e+000
 2.51188643150958e+001    1.38111814345992e+000
 3.44746606573149e+001    1.65145042194093e+000
 5.15822165072306e+001    1.87544831223629e+000
 7.94328234724281e+001    2.02774261603376e+000
 1.12201845430196e+002    2.09135021097046e+000
 1.67880401812256e+002    2.12125527426160e+000
 2.51188643150958e+002    2.17225738396624e+000
 
 5.30884444230988e-001    1.16239451476793e+000
 8.17523037943650e-001    1.16279008438819e+000
 1.15478198468946e+000    1.16310654008439e+000
 1.77827941003892e+000    1.16772151898734e+000
 2.51188643150958e+000    1.16803797468354e+000
 3.86812054633052e+000    1.16843354430380e+000
 6.49381631576211e+000    1.16468881856540e+000
 9.71627951577106e+000    1.16927742616034e+000
 1.49623565609443e+001    1.35110759493671e+000
 2.30409297605585e+001    1.46964662447257e+000
 3.54813389233575e+001    1.69367088607595e+000
 5.46386549881854e+001    1.87972046413502e+000
 8.65964323360065e+001    2.04047995780591e+000
 1.25892541179417e+002    2.17584388185654e+000
 2.05352502645715e+002    2.17629219409283e+000

 5.95662143529010e-002    1.15617088607595e+000
 9.71627951577106e-002    1.15239978902954e+000
 1.63117290922784e-001    1.15709388185654e+000
 2.98538261891796e-001    1.15764767932489e+000
 4.34010263644744e-001    1.15799050632911e+000
 6.87859912308808e-001    1.15841244725738e+000
 1.00000000000000e+000    1.15875527426160e+000
 1.49623565609443e+000    1.15912447257384e+000
 2.17520403401952e+000    1.15946729957806e+000
 2.98538261891796e+000    1.15975738396624e+000
 4.21696503428582e+000    1.16007383966245e+000
 7.28618174513228e+000    1.16479430379747e+000
 1.93865263595221e+001    1.24164029535865e+000
 3.07255736526745e+001    1.78214662447257e+000
 5.15822165072306e+001    1.97249472573840e+000

 1.22320711904993e-001    1.16104957805907e+000
 1.72782598050786e-001    1.16136603375527e+000
 2.73841963426436e-001    1.16178797468354e+000
 3.98107170553497e-001    1.16635021097046e+000
 5.78761988349121e-001    1.16247362869198e+000
 8.65964323360065e-001    1.16284282700422e+000
 1.22320711904993e+000    1.15893987341772e+000
 1.83020610631106e+000    1.16352848101266e+000
 2.51188643150958e+000    1.15959915611814e+000
 3.98107170553497e+000    1.16002109704641e+000
 5.62341325190349e+000    1.16033755274262e+000
 7.94328234724282e+000    1.16065400843882e+000
 1.12201845430196e+001    1.16097046413502e+000
 1.67880401812256e+001    1.16977848101266e+000
 2.58523483956219e+001    1.39802215189873e+000

 1.63117290922784e+000    2.33219936708861e+000
 2.44061906804198e+000    2.33256856540084e+000
 3.34965439157828e+000    2.32863924050633e+000
 4.86967525165863e+000    2.33320147679325e+000
 7.07945784384138e+000    2.33354430379747e+000
 1.02920052719443e+001    2.33388713080169e+000
 1.53992652605949e+001    2.33847573839662e+000
 2.44061906804198e+001    2.35155590717300e+000
 3.44746606573149e+001    2.38562763713080e+000
 4.73151258961481e+001    2.48296413502110e+000
 6.68343917568615e+001    2.52969409282700e+000
 9.17275935389779e+001    2.80846518987342e+000
 1.29568669751702e+002    2.93536392405063e+000
 1.77827941003892e+002    3.11286919831224e+000
 2.58523483956219e+002    3.21025843881857e+000

 1.02920052719443e+000    2.32333860759494e+000
 1.49623565609443e+000    2.32368143459916e+000
 2.17520403401952e+000    2.32402426160338e+000
 3.44746606573149e+000    2.32444620253165e+000
 4.86967525165863e+000    2.32476265822785e+000
 8.17523037943650e+000    2.32101793248945e+000
 1.25892541179417e+001    2.32563291139241e+000
 1.83020610631106e+001    2.32175632911392e+000
 2.73841963426436e+001    2.32634493670886e+000
 3.65174127254838e+001    2.32660864978903e+000
 5.15822165072306e+001    2.32692510548523e+000
 7.49894209332456e+001    2.33570675105485e+000
 1.12201845430196e+002    2.55970464135021e+000
 1.63117290922784e+002    2.96089135021097e+000
 2.51188643150958e+002    3.08786919831224e+000

 5.30884444230988e-001    2.32695147679325e+000
 7.71791515585012e-001    2.33151371308017e+000
 1.09018449238513e+000    2.32761075949367e+000
 1.58489319246111e+000    2.32795358649789e+000
 2.44061906804198e+000    2.33256856540084e+000
 3.86812054633052e+000    2.32877109704641e+000
 6.49381631576211e+000    2.33346518987342e+000
 1.05925372517729e+001    2.33391350210970e+000
 1.58489319246111e+001    2.33428270042194e+000
 2.30409297605585e+001    2.32618670886076e+000
 3.44746606573149e+001    2.33077531645570e+000
 5.46386549881854e+001    2.35651371308017e+000
 8.41395141645195e+001    2.53412447257384e+000
 1.29568669751702e+002    2.77924578059072e+000
 1.93865263595221e+002    3.21421413502110e+000

 5.95662143529010e-002    2.32494725738397e+000
 1.00000000000000e-001    2.32120253164557e+000
 1.63117290922784e-001    2.32587025316456e+000
 2.73841963426436e-001    2.32634493670886e+000
 4.09732109813541e-001    2.33093354430380e+000
 6.68343917568615e-001    2.32716244725738e+000
 9.71627951577106e-001    2.33172468354430e+000
 1.41253754462275e+000    2.32784810126582e+000
 1.83020610631106e+000    2.32808544303797e+000
 2.90068119869315e+000    2.32850738396624e+000
 4.46683592150963e+000    2.32890295358650e+000
 7.71791515585012e+000    2.32518459915612e+000
 1.29568669751702e+001    2.32565928270042e+000
 2.05352502645715e+001    2.33030063291139e+000
 5.01187233627272e+001    2.34799578059072e+000

 1.22320711904993e-001    2.32560654008439e+000
 1.83020610631106e-001    2.32597573839662e+000
 2.58523483956219e-001    2.32629219409283e+000
 3.98107170553497e-001    2.32668776371308e+000
 5.46386549881854e-001    2.32697784810127e+000
 8.17523037943650e-001    2.32734704641350e+000
 1.22320711904993e+000    2.32771624472574e+000
 1.77827941003892e+000    2.32805907172996e+000
 2.66072505979881e+000    2.32842827004219e+000
 3.75837404288444e+000    2.32874472573840e+000
 5.62341325190349e+000    2.33333333333333e+000
 8.41395141645195e+000    2.32948312236287e+000
 1.18850222743702e+001    2.32979957805907e+000
 1.72782598050786e+001    2.33014240506329e+000
 2.66072505979881e+001    2.33053797468354e+000
