 1.07567229518449e+000    2.02349727286021e+000
 1.10068792995622e+000    2.22962734793823e+000
 1.12570356472796e+000    2.72597301173930e+000
 1.15071919949969e+000    3.13939993590521e+000
 1.17573483427142e+000    3.30407064116565e+000
 1.20075046904315e+000    3.67603819551399e+000
 1.22576610381488e+000    3.84070890077443e+000
 1.25078173858662e+000    3.54932653804150e+000
 1.27579737335835e+000    3.67253787348436e+000
 1.30081300813008e+000    3.67137109947449e+000
 1.32582864290181e+000    3.46290747637672e+000
 1.34917656868876e+000    3.29598100803052e+000
 1.37419220346050e+000    2.92167990566243e+000
 1.39920783823223e+000    3.16926935055803e+000
 1.42422347300396e+000    3.58269627472394e+000
 1.44923910777569e+000    4.20342004797775e+000
 1.47425474254743e+000    4.57538760232608e+000
 1.49927037731916e+000    5.44486759448536e+000
 1.52428601209089e+000    6.10705073755674e+000
 1.54930164686262e+000    6.47901829190508e+000
 1.57431728163435e+000    7.22412017461162e+000
 1.59933291640609e+000    8.13505953658848e+000
 1.62434855117782e+000    8.54848646075439e+000
 1.64936418594955e+000    9.37650708309609e+000
 1.67437982072128e+000    1.03703651847081e+001
 1.69939545549302e+000    1.09496295881443e+001
 1.72441109026475e+000    1.16532721010333e+001
 1.74942672503648e+000    1.30202645310035e+001
 1.77444235980821e+000    1.37239070438925e+001
 1.79945799457995e+000    1.44690089265990e+001
 1.82447362935168e+000    1.41361671940485e+001
 1.84948926412341e+000    1.40935410502211e+001
 1.87450489889514e+000    1.33461056194948e+001
 1.89952053366688e+000    1.29303451473091e+001
 1.92453616843861e+000    1.24316659354883e+001
 1.94955180321034e+000    1.21817429425729e+001
 1.97456743798207e+000    1.14757668816642e+001
 1.99958307275380e+000    1.16404375869247e+001
 2.02459870752554e+000    1.21367832507257e+001
 2.04961434229727e+000    1.32550194617905e+001
 2.07462997706900e+000    1.37099057557740e+001
 2.09964561184073e+000    1.48281419668387e+001
 2.12466124661247e+000    1.61122156571738e+001
 2.14967688138420e+000    1.73548299776913e+001
 2.17469251615593e+000    1.88047411472967e+001
 2.19970815092766e+000    2.02961116867196e+001
 2.22472378569940e+000    2.10826729392437e+001
 2.24973942047113e+000    2.41909589015523e+001
 2.24973942047113e+000    2.07912905765108e+001
 2.27475505524286e+000    2.68431917958674e+001
 2.27475505524286e+000    2.30289297726502e+001
 2.29977069001459e+000    2.76712124182091e+001
 2.32478632478633e+000    3.06551202710649e+001
 2.34980195955806e+000    3.33073531653801e+001
 2.34980195955806e+000    2.95760098817980e+001
 2.37481759432979e+000    3.45085081160800e+001
 2.39983322910152e+000    3.68290660518545e+001
 2.42484886387325e+000    3.86935709196357e+001
 2.44986449864499e+000    3.92313759532544e+001
 2.47488013341672e+000    4.03496121643191e+001
 2.49989576818845e+000    4.16751452244718e+001
 2.52491140296018e+000    4.21300315184553e+001
 2.54992703773192e+000    4.31653489898848e+001
 2.57494267250365e+000    4.44494226802199e+001
 2.59995830727538e+000    4.45311746458452e+001
 2.59995830727538e+000    4.27898811135069e+001
 2.62497394204711e+000    4.44885485020177e+001
 2.64998957681885e+000    4.42800848789200e+001
 2.67500521159058e+000    4.44447555841804e+001
 2.70002084636231e+000    4.42777513309002e+001
 2.72503648113404e+000    4.39034502285321e+001
 2.75005211590577e+000    4.37779053450695e+001
 2.77506775067751e+000    4.35279823521542e+001
 2.80008338544924e+000    4.34853562083267e+001
 2.82509902022097e+000    4.36085675437696e+001
 2.85011465499270e+000    4.37317788792124e+001
 2.87513028976444e+000    4.39793683241080e+001
 2.90014592453617e+000    4.40611202897333e+001
 2.92516155930790e+000    4.44745472138992e+001
 2.95017719407963e+000    4.49294335078827e+001
 2.97519282885137e+000    4.52599416924135e+001
 3.00020846362310e+000    4.54660717674915e+001
 3.02522409839483e+000    4.56307424727519e+001
 3.05023973316656e+000    4.63758443554585e+001
 3.07525536793829e+000    4.66648931701717e+001
 3.10027100271003e+000    4.76587512717837e+001
 3.12528663748176e+000    4.81965563054023e+001
 3.15030227225349e+000    4.85685238597506e+001
 3.17531790702522e+000    4.93136257424572e+001
 3.20033354179696e+000    4.93124589684473e+001
 3.20033354179696e+000    4.68663561492102e+001
 3.22534917656869e+000    4.85235641679035e+001
 3.25036481134042e+000    4.66567257521025e+001
 3.27538044611215e+000    4.59092903213762e+001
 3.30039608088389e+000    4.41668300150280e+001
 3.32541171565562e+000    4.25487478181326e+001
 3.35042735042735e+000    4.16354749081360e+001
 3.37544298519908e+000    4.00173927112405e+001
 3.40045861997082e+000    3.90212010616088e+001
 3.42547425474255e+000    3.90200342875989e+001
 3.45048988951428e+000    3.91017862532242e+001
 3.47550552428601e+000    3.96810506566604e+001
 3.50052115905774e+000    3.99286401015560e+001
 3.52553679382948e+000    4.04249857653571e+001
 3.55055242860121e+000    4.08798720593406e+001
 3.57556806337294e+000    4.09616240249659e+001
 3.60058369814467e+000    4.10848353604087e+001
 3.62559933291641e+000    4.10836685863988e+001
 3.65061496768814e+000    4.12483392916593e+001
 3.67563060245987e+000    4.12886318874670e+001
 3.70064623723160e+000    4.11630870040044e+001
 3.72566187200334e+000    4.12862983394472e+001
 3.75067750677507e+000    4.16168065239780e+001
 3.77569314154680e+000    4.11595866819747e+001
 3.80070877631853e+000    4.07438262097891e+001
 3.82572441109026e+000    3.91257440128936e+001
 3.85074004586200e+000    3.73418243367279e+001
 3.87575568063373e+000    3.63041733172785e+001
 3.90077131540546e+000    3.41471193127546e+001
 3.92578695017719e+000    3.18242278289603e+001
 3.92578695017719e+000    2.89220719417297e+001
 3.95080258494893e+000    3.01646862622472e+001
 3.97581821972066e+000    2.75101198199123e+001
 4.00083385449239e+000    2.58091188833817e+001
 4.02418178027934e+000    2.49788424979543e+001
 4.02418178027934e+000    2.22010647201765e+001
 4.04919741505107e+000    2.26974103839775e+001
 4.07421304982281e+000    2.19914343230688e+001
 4.09922868459454e+000    2.05391896054437e+001
 4.12424431936627e+000    1.86723511896428e+001
 4.14925995413800e+000    1.80492938683692e+001
 4.17427558890973e+000    1.61409960827507e+001
 4.19929122368147e+000    1.42326982971322e+001
 4.22430685845320e+000    1.36925597154938e+001
 4.24932249322493e+000    1.27792868054972e+001
 4.27433812799667e+000    1.24879044427643e+001
 4.29935376276840e+000    1.21136033403962e+001
 4.32436939754013e+000    1.16978428682105e+001
 4.34938503231186e+000    1.09918668073018e+001
 4.37440066708359e+000    1.07004844445689e+001
 4.39941630185533e+000    1.01603458629305e+001
 4.42443193662706e+000    9.41291043220421e+000
 4.44944757139879e+000    9.28736554874160e+000
 4.47446320617052e+000    8.78868633692077e+000
 4.49947884094226e+000    8.29000712509995e+000
 4.52449447571399e+000    7.95716539254945e+000
 4.54951011048572e+000    7.83162050908684e+000
 4.57452574525745e+000    7.25002255763086e+000
 4.59954138002919e+000    6.87572145526277e+000
 4.62455701480092e+000    6.66725783216500e+000
 4.64957264957265e+000    6.29295672979692e+000
 4.67458828434438e+000    6.08449310669915e+000
 4.69960391911611e+000    5.58581389487833e+000
 4.72461955388785e+000    5.17005342269267e+000
 4.74963518865958e+000    4.79575232032458e+000
 4.77465082343131e+000    5.00188239540260e+000
 4.79966645820304e+000    5.95428112719704e+000
 4.82468209297478e+000    6.53354553063326e+000
 4.84969772774651e+000    9.47599401367148e+000
 4.84969772774651e+000    7.94199733042106e+000
 4.87471336251824e+000    9.80650219820223e+000
 4.89972899728997e+000    1.06759821903615e+001
 4.92474463206171e+000    1.23746495788724e+001
 4.94976026683344e+000    1.48610449939172e+001
 4.97477590160517e+000    1.56061468766238e+001
 4.99979153637690e+000    1.75535704840401e+001
 5.02480717114863e+000    2.17812594314232e+001
 5.02480717114863e+000    2.09935314048893e+001
 5.02480717114863e+000    1.85474285856521e+001
 5.04982280592037e+000    2.09509052610618e+001
 5.04982280592037e+000    1.78829118945610e+001
 5.07483844069210e+000    2.25251945401199e+001
 5.09985407546383e+000    2.54676430231581e+001
 5.12486971023556e+000    2.60054480567768e+001
 5.12486971023556e+000    2.21497266637420e+001
 5.14988534500730e+000    2.83260059925513e+001
 5.17490097977903e+000    3.04392670792380e+001
 5.19991661455076e+000    3.16818813997554e+001
 5.22493224932249e+000    3.41268174449827e+001
 5.24994788409423e+000    3.62815379014869e+001
 5.27496351886596e+000    3.93069051241603e+001
 5.27496351886596e+000    3.71924772634638e+001
 5.29997915363769e+000    3.99276288974141e+001
 5.32499478840942e+000    4.25798617917293e+001
 5.35001042318116e+000    4.41541510707874e+001
 5.35001042318116e+000    4.10446983344690e+001
 5.37502605795289e+000    4.59771965687510e+001
 5.40004169272462e+000    4.76758639572618e+001
 5.42505732749635e+000    4.77161565530696e+001
 5.45007296226808e+000    4.78393678885124e+001
 5.47508859703982e+000    4.80869573334080e+001
 5.50010423181155e+000    4.78784937103102e+001
 5.52511986658328e+000    4.78773269363004e+001
 5.55013550135501e+000    4.78761601622905e+001
 5.57515113612675e+000    4.78335340184630e+001
 5.60016677089848e+000    4.78738266142707e+001
 5.62518240567021e+000    4.87847659762476e+001
 5.65019804044194e+000    4.91152741607783e+001
 5.67521367521368e+000    4.98603760434849e+001
 5.70022930998541e+000    5.07298560356442e+001
 5.72524494475714e+000    5.09359861107222e+001
 5.75026057952887e+000    5.18054661028815e+001
 5.77527621430060e+000    5.23847305063177e+001
 5.80029184907234e+000    5.27566980606660e+001
 5.82530748384407e+000    5.30042875055616e+001
 5.85032311861580e+000    5.34591737995451e+001
 5.87533875338753e+000    5.32921695462649e+001
 5.90035438815927e+000    5.30837059231672e+001
 5.92537002293100e+000    5.34556734775155e+001
 5.95038565770273e+000    5.34545067035056e+001
 5.97540129247446e+000    5.31216649709551e+001
 6.00041692724620e+000    5.28302826082222e+001
 6.02543256201793e+000    5.23316033964014e+001
 6.05044819678966e+000    5.14597898562223e+001
 6.07546383156139e+000    5.03806794669554e+001
 6.10047946633313e+000    4.98820002551346e+001
 6.12549510110486e+000    4.81395399487864e+001
 6.15051073587659e+000    4.71433482991546e+001
 6.17552637064832e+000    4.67275878269690e+001
 6.20054200542005e+000    4.61459898755130e+001
 6.22555764019179e+000    4.56058512938746e+001
 6.25057327496352e+000    4.52315501915065e+001
 6.27558890973525e+000    4.49816271985912e+001
 6.30060454450698e+000    4.46073260962231e+001
 6.32562017927872e+000    4.44817812127605e+001
 6.35063581405045e+000    4.41074801103924e+001
 6.37565144882218e+000    4.38990164872946e+001
 6.40066708359391e+000    4.38978497132847e+001
 6.42568271836565e+000    4.41039797883628e+001
 6.45069835313738e+000    4.41028130143529e+001
 6.47571398790911e+000    4.42674837196133e+001
 6.50072962268084e+000    4.45979919041441e+001
 6.52574525745257e+000    4.50114188283100e+001
 6.55076089222431e+000    4.50931707939353e+001
 6.57577652699604e+000    4.49261665406551e+001
 6.60079216176777e+000    4.38885155212057e+001
 6.62580779653950e+000    4.30581613508443e+001
 6.65082343131124e+000    4.07352698670500e+001
 6.67417135709819e+000    3.89099686060006e+001
 6.69918699186992e+000    3.68358333411118e+001
 6.72420262664165e+000    3.43471043780472e+001
 6.74921826141338e+000    3.16096191960771e+001
 6.77423389618512e+000    3.06548869162630e+001
 6.79924953095685e+000    2.82490766928335e+001
 6.82426516572858e+000    2.63407789072150e+001
 6.84928080050031e+000    2.53860466274008e+001
 6.87429643527205e+000    2.20266708981671e+001
 6.89931207004378e+000    1.97866981540079e+001
 6.92432770481551e+000    1.85417502854707e+001
 6.94934333958724e+000    1.58042651035006e+001
 6.97435897435897e+000    1.38545079480646e+001
 6.99937460913071e+000    1.32314506267910e+001
 7.02439024390244e+000    1.10743966222670e+001
 7.04940587867417e+000    9.58069253482431e+000
 7.07442151344590e+000    8.91617584373318e+000
 7.09943714821764e+000    7.38101238647289e+000
 7.12445278298937e+000    5.80438955939502e+000
 7.14946841776110e+000    5.22279160793904e+000
 7.17448405253283e+000    4.01930310921938e+000
 7.19949968730457e+000    2.81581461049972e+000
 7.22451532207630e+000    2.48297287794922e+000
 7.24953095684803e+000    2.27450925485145e+000
 7.27454659161976e+000    1.73437067321305e+000
 7.29956222639149e+000    1.65028515956801e+000
 7.49968730456535e+000   -1.74238252141419e-002
 8.00000000000000e+000    1.12010304948055e+000
 4.65290806754221e-001    3.52132396180449e-001
 4.95309568480300e-001    3.50732267368598e-001
 5.55347091932458e-001    3.47932009744897e-001
 6.00375234521576e-001    3.45831816527120e-001
 6.60412757973734e-001    3.43031558903419e-001
 7.35459662288931e-001   -3.36030914844166e-002
 7.95497185741088e-001   -3.64033491081179e-002
 8.55534709193246e-001    3.33930721626390e-001
 9.30581613508443e-001    7.03564727954972e-001
 9.60600375234522e-001    7.02164599143121e-001
 1.02063789868668e+000    1.07249866987763e+000
 7.35459662288931e+000    1.15020581893534e+000
 7.41463414634146e+000    2.80025762370138e-002
 7.59474671669794e+000    1.96018033659097e-002
 7.66979362101313e+000    1.61014813362829e-002
 7.71482176360225e+000    1.40012881185069e-002
 7.75984990619137e+000    1.19010949007309e-002
 7.81988742964353e+000    3.82235165635238e-001
 7.86491557223265e+000    3.80134972417462e-001
 7.90994371482176e+000    3.78034779199686e-001
 7.93996247654784e+000    3.76634650387836e-001
 7.54971857410882e+000    3.94836324941895e-001

 2.55159474671670e+000    1.32344375682563e+002
 3.12195121951220e+000    1.14407325473944e+002
 5.95872420262664e+000    1.13901878972866e+002
 6.58911819887430e+000    1.31409789700652e+002
