 1.53061224489796e+000    2.06250000000000e+001
 4.28571428571429e+000    1.78750000000000e+001
 7.04081632653061e+000    1.44375000000000e+001
 9.48979591836735e+000    9.96875000000000e+000
 1.19387755102041e+001    6.18750000000000e+000
 1.34693877551020e+001    2.75000000000000e+000
 1.43877551020408e+001   -2.06250000000000e+000
 1.43877551020408e+001   -5.15625000000000e+000
 1.22448979591837e+001   -8.59375000000000e+000
 9.79591836734694e+000   -1.10000000000000e+001
 7.04081632653061e+000   -1.30625000000000e+001
 3.06122448979592e+000   -1.54687500000000e+001
-3.06122448979592e-001   -1.61562500000000e+001
-3.36734693877551e+000   -1.58125000000000e+001
-6.12244897959184e+000   -1.44375000000000e+001
-8.87755102040816e+000   -1.20312500000000e+001
-1.10204081632653e+001   -7.90625000000000e+000
-1.19387755102041e+001   -3.09375000000000e+000
-1.19387755102041e+001    2.40625000000000e+000
-1.07142857142857e+001    6.87500000000000e+000
-9.48979591836735e+000    1.13437500000000e+001
-7.95918367346939e+000    1.44375000000000e+001
-5.81632653061224e+000    1.75312500000000e+001
-3.97959183673469e+000    2.02812500000000e+001
-1.22448979591837e+000    2.09687500000000e+001
