 0.00000000000000e+000   -7.80487804878049e-002
-1.12299465240642e-001    6.39991652536846e+000
-1.12299465240642e-001    1.27999165253685e+001
 4.71657754010695e+000    3.20350593452459e+000
 4.37967914438503e+000    9.44715794965436e+000
 8.87165775401069e+000    8.46432763792879e-002
 8.75935828877005e+000    6.32846224077214e+000
 8.75935828877005e+000    1.25723646797965e+001
 1.30267379679144e+001    9.37553671579496e+000
 1.72941176470588e+001    6.41285509325682e+000
 1.31390374331551e+001    3.36586409286553e+000
 1.72941176470588e+001    4.81147776183644e-001
 2.14491978609626e+001    3.45008999608713e+000
 1.71818181818182e+001    1.24225277161863e+001
 2.13368983957219e+001    9.38171383852876e+000
 2.53796791443850e+001    1.21164262423373e+001
 2.54919786096257e+001    6.49699752184688e+000
 2.54919786096257e+001    6.43338985261510e-001
 2.94224598930481e+001    3.61211425590192e+000
 2.93101604278075e+001    9.38764053736794e+000
 3.33529411764706e+001    1.19662553802009e+001
 3.33529411764706e+001    6.42479196556672e+000
 3.34652406417112e+001    7.27314464588496e-001
 3.70588235294118e+001    3.69583931133429e+000
 4.08770053475936e+001    1.04501891222121e+000
 4.09893048128342e+001    6.27437067953567e+000
 3.70588235294118e+001    9.15925394548063e+000
 4.08770053475936e+001    1.18157506195383e+001
 4.45828877005348e+001    9.16484674579366e+000
 4.45828877005348e+001    3.77948089213512e+000
 4.82887700534759e+001    1.36272335985392e+000
 4.82887700534759e+001    6.59199165253685e+000
 4.80641711229947e+001    1.17430442154689e+001
 5.17700534759358e+001    9.09214034172427e+000
 5.21069518716578e+001    3.86312247293596e+000
 5.52513368983957e+001    6.44106951871658e+000
 5.52513368983957e+001    1.14361914699361e+001
 5.86203208556150e+001    9.09723229424808e+000
 5.87326203208556e+001    4.02414503717230e+000
 5.53636363636364e+001    1.60212860310421e+000
 6.22139037433155e+001    1.84136689709143e+000
 6.53582887700535e+001   -4.97759227859658e-001
 7.19839572192513e+001   -4.14785444111126e-001
 7.17593582887701e+001    4.18992565540629e+000
 6.87272727272727e+001    6.45108647450111e+000
 6.54705882352941e+001    4.10720229555237e+000
 6.86149732620321e+001    1.92417373157689e+000
 7.50160427807487e+001    2.08502934655015e+000
 7.80481283422460e+001    4.42874657623582e+000
 8.10802139037433e+001    2.24563453762880e+000
 7.80481283422460e+001    5.80148689187427e-002
 8.40000000000000e+001    3.74634146341463e-001
 6.86149732620321e+001    1.10558810486501e+001
 6.52459893048128e+001    1.33167914438503e+001
 6.18770053475936e+001    1.12850189122212e+001
 6.19893048128342e+001    6.52412677709665e+000
 6.53582887700535e+001    8.79004565018912e+000
 7.17593582887701e+001    1.31655354115038e+001
 7.49037433155080e+001    1.09044580670406e+001
 7.17593582887701e+001    8.71675492369897e+000
 7.50160427807487e+001    6.61185861484283e+000
 7.79358288770053e+001    8.72134602843355e+000
 7.78235294117647e+001    1.30139454806313e+001
 8.08556149732620e+001    1.08308334420243e+001
 8.37754010695187e+001    1.27842232946394e+001
 8.66951871657754e+001    1.06790765618886e+001
 8.38877005347594e+001    8.72577018390505e+000
 8.08556149732620e+001    6.46010173470719e+000
 8.37754010695187e+001    4.51105256293205e+000
 8.68074866310160e+001    6.62062345115430e+000
 8.95026737967914e+001    1.26323829398722e+001
 8.95026737967914e+001    8.65189513499413e+000
 8.96149732620321e+001    4.59344202425982e+000
 8.66951871657754e+001    2.48395461066910e+000
 8.96149732620321e+001    6.12954219381766e-001
 9.52299465240642e+001    4.67566453632451e+000
 9.77005347593583e+001    2.72628146602322e+000
 9.24224598930481e+001    2.72235815834094e+000
 9.52299465240642e+001    9.29323072909873e-001
 9.23101604278075e+001    1.06052015129777e+001
 9.23101604278075e+001    6.62471370809965e+000
 9.50053475935829e+001    8.65598539193948e+000
 9.77005347593583e+001    1.03750619538281e+001
 9.50053475935829e+001    1.24023268553541e+001
 9.78128342245989e+001    6.55075518455719e+000
 1.00508021390374e+002    8.34788052693361e+000
 1.00508021390374e+002    1.20942219903482e+001
 1.02866310160428e+002    1.01447554454154e+001
 1.05449197860963e+002    1.18637485326725e+001
 1.05561497326203e+002    8.42968566584062e+000
 1.02978609625668e+002    6.63264379809574e+000
 1.00395721925134e+002    4.60145558888744e+000
 1.02978609625668e+002    2.88630233468110e+000
 1.05561497326203e+002    4.83944176340159e+000
 1.00395721925134e+002    1.01121168644842e+000
 1.05449197860963e+002    1.17106560584322e+000
 1.08032085561497e+002   -4.66038867875310e-001
 1.12860962566845e+002   -1.50254336767967e-001
 1.17352941176471e+002    1.65279770444763e-001
 1.15106951871658e+002    1.64653710708230e+000
 1.10502673796791e+002    1.33091952523803e+000
 1.08032085561497e+002    3.04615625407591e+000
 1.10390374331551e+002    4.76498239206991e+000
 1.12748663101604e+002    3.12771096908830e+000
 1.07919786096257e+002    6.55826790139559e+000
 1.07919786096257e+002    1.00704630233468e+001
 1.07919786096257e+002    1.35046093648102e+001
 1.10278074866310e+002    1.17112403808530e+001
 1.12748663101604e+002    1.32740524325029e+001
 1.12748663101604e+002    9.99600365201513e+000
 1.10502673796791e+002    8.19921220816486e+000
 1.12748663101604e+002    6.48380853006391e+000
 1.15106951871658e+002    4.92458588757011e+000
 1.15106951871658e+002    8.35873222903352e+000
 1.17240641711230e+002    9.92129385678884e+000
 1.15106951871658e+002    1.15587322290335e+001
 1.17240641711230e+002    1.30432450763010e+001
 1.17352941176471e+002    6.64332855093257e+000
 1.19598930481283e+002    8.28402243380723e+000
 1.19486631016043e+002    1.14058901786879e+001
 1.21732620320856e+002    1.28904865005869e+001
 1.23866310160428e+002    1.12530481283422e+001
 1.21732620320856e+002    9.84658406156254e+000
 1.23754010695187e+002    8.20906221468632e+000
 1.21732620320856e+002    6.64658406156254e+000
 1.19598930481283e+002    5.00597365331942e+000
 1.17240641711230e+002    3.36519629581323e+000
 1.19598930481283e+002    1.80597365331942e+000
 1.21957219251337e+002    4.02848571801226e-001
 1.23978609625668e+002    2.04337550541281e+000
 1.21732620320856e+002    3.52463284205035e+000
 1.23978609625668e+002    5.08727794443720e+000
 1.26112299465241e+002    3.68398591365593e+000
 1.26000000000000e+002    7.18048780487805e-001
 1.28133689839572e+002    2.20256162775532e+000
 1.30267379679144e+002    7.21220816486240e-001
 1.32288770053476e+002   -4.48008347463154e-001
 1.36106951871658e+002   -2.89072649015260e-001
 1.34310160427807e+002    9.58372244685014e-001
 1.32176470588235e+002    2.28361549497848e+000
 1.30267379679144e+002    3.68707447502283e+000
 1.28133689839572e+002    5.09036650580410e+000
 1.26000000000000e+002    6.57170731707317e+000
 1.26112299465241e+002    9.69374201121691e+000
 1.26000000000000e+002    1.26595121951220e+001
 1.28021390374332e+002    1.11000391287335e+001
 1.30155080213904e+002    9.46260075648885e+000
 1.28021390374332e+002    8.13418547019695e+000
 1.30155080213904e+002    6.57479587844007e+000
 1.32176470588235e+002    7.98117647058824e+000
 1.32176470588235e+002    1.08689813486370e+001
 1.29930481283422e+002    1.22721899047868e+001
 1.31951871657754e+002    1.36005217164471e+001
 1.34085561497326e+002    1.21191809051780e+001
 1.35882352941176e+002    1.33692969870875e+001
 1.35994652406417e+002    1.07157219251337e+001
 1.34085561497326e+002    9.38747358810487e+000
 1.35882352941176e+002    7.90588235294118e+000
 1.34085561497326e+002    6.57771749054389e+000
 1.36106951871658e+002    5.17434198513108e+000
 1.32064171122995e+002    5.09328811790792e+000
 1.34085561497326e+002    3.68991261249511e+000
 1.35994652406417e+002    2.52059997391418e+000
 1.38016042780749e+002    3.84893178557454e+000
 1.37903743315508e+002    1.19518977435764e+000
 1.39925133689840e+002    2.59606104082431e-002
 1.39925133689840e+002    2.67961914699361e+000
 1.41609625668449e+002    1.51013955914960e+000
 1.43518716577540e+002    2.62778140080866e-001
 1.43406417112299e+002    2.76025564105908e+000
 1.41721925133690e+002    3.92973522890309e+000
 1.39812834224599e+002    5.25514542845963e+000
 1.37903743315508e+002    6.50250684752837e+000
 1.43406417112299e+002    8.06757271422982e+000
 1.45090909090909e+002    6.66394678492239e+000
 1.47000000000000e+002    5.49463414634146e+000
 1.82711229946524e+002    6.69191078648754e+000
 1.81700534759358e+002    6.06676927090126e+000
 1.80465240641711e+002    5.20731446458850e+000
 1.79454545454545e+002    4.19192904656319e+000
 1.78331550802139e+002    3.56670405634538e+000
 1.83609625668449e+002    7.39501760793009e+000
 1.84508021390374e+002    8.17617320986044e+000
 1.85631016042781e+002    8.87944698056606e+000
 1.86417112299465e+002    9.42637276640146e+000
 1.87427807486631e+002    1.01295630624755e+001
 1.88326203208556e+002    1.06765723229425e+001
 1.89224598930481e+002    1.12235815834094e+001
 1.90122994652406e+002    1.17705908438764e+001
 1.90909090909091e+002    1.22394678492239e+001
 1.91695187165775e+002    1.27083448545715e+001
 1.92593582887701e+002    1.30992565540629e+001
 1.93491978609626e+002    1.35682170340420e+001
 1.83609625668449e+002    3.70627364027651e-001
 1.84508021390374e+002    1.15178296595800e+000
 1.85406417112299e+002    1.93293856788835e+000
 1.86529411764706e+002    2.63621233859397e+000
 1.87427807486631e+002    3.49541672101213e+000
 1.88326203208556e+002    4.19852354245468e+000
 1.89224598930481e+002    4.82358158340942e+000
 1.90122994652406e+002    5.60473718533977e+000
 1.90909090909091e+002    6.15166297117517e+000
 1.91807486631016e+002    6.69867223164210e+000
 1.92593582887701e+002    7.24559801747750e+000
 1.93379679144385e+002    7.79252380331290e+000
 1.94278074866310e+002    8.33953306377984e+000
 1.94951871657754e+002    8.88637537498370e+000
 1.95850267379679e+002    9.35533585496283e+000
 1.96524064171123e+002    9.90217816616669e+000
 1.97310160427807e+002    1.04491039520021e+001
 1.98096256684492e+002    1.08399321768619e+001
 1.98770053475936e+002    1.13087257075779e+001
 1.99331550802139e+002    1.16213382026868e+001
 2.00117647058824e+002    1.20121664275466e+001
 2.00679144385027e+002    1.23247789226555e+001
 2.01128342245989e+002    1.27153567236207e+001
 2.01465240641711e+002    1.30278022694665e+001
 2.02026737967914e+002    1.33404147645755e+001
 1.84508021390374e+002   -2.53095082822486e-001
 1.85631016042781e+002    5.28227468370940e-001
 1.86417112299465e+002    1.23125081518195e+000
 1.87427807486631e+002    2.16858745271945e+000
 1.88326203208556e+002    2.94974305464980e+000
 1.89224598930481e+002    3.49675231511673e+000
 1.90122994652406e+002    4.27790791704709e+000
 1.90796791443850e+002    4.98084778922656e+000
 1.91919786096257e+002    5.44997521846876e+000
 1.92481283422460e+002    6.07478283552889e+000
 1.93379679144385e+002    6.62179209599583e+000
 1.94165775401070e+002    7.09066910134342e+000
 1.95064171122995e+002    7.63767836181036e+000
 1.95737967914439e+002    8.34061823398983e+000
 1.41609625668449e+002    6.66135907134472e+000
 1.39812834224599e+002    7.98685274553280e+000
 1.38016042780749e+002    9.31234641972088e+000
 1.37903743315508e+002    1.18878727011869e+001
 1.39812834224599e+002    1.31380722577279e+001
 1.43406417112299e+002    1.29065971044737e+001
 1.41497326203209e+002    1.17344463284205e+001
 1.39812834224599e+002    1.05624625016304e+001
 1.43406417112299e+002    1.04090361288640e+001
 1.41609625668449e+002    9.23696882744229e+000
 1.45090909090909e+002    1.16590687361419e+001
 1.46775401069519e+002    1.26749550019564e+001
 1.45315508021390e+002    1.66899178296596e+000
 1.45315508021390e+002    4.16655275857571e+000
 1.43518716577540e+002    5.33594887178818e+000
 1.47000000000000e+002    2.91902439024390e+000
 1.48572192513369e+002    1.82751010825616e+000
 1.47000000000000e+002    5.77560975609756e-001
 1.50256684491979e+002    8.14128081387766e-001
 1.51941176470588e+002    2.06416068866571e+000
 1.53401069518717e+002    3.31402634668058e+000
 1.54973262032086e+002    4.40787791835138e+000
 1.56433155080214e+002    5.57969479587844e+000
 1.58005347593583e+002    6.75159514803704e+000
 1.59352941176471e+002    7.76723098995696e+000
 1.60812834224599e+002    8.70490152602061e+000
 1.62272727272727e+002    9.64257206208426e+000
 1.59465240641711e+002    9.87463153775923e+000
 1.58005347593583e+002    8.85891222120777e+000
 1.56433155080214e+002    7.76506064953698e+000
 1.54860962566845e+002    6.67120907786618e+000
 1.53401069518717e+002    5.49939220033912e+000
 1.51828877005348e+002    4.32749184818051e+000
 1.50256684491979e+002    3.15559149602191e+000
 1.48572192513369e+002    4.16897352289031e+000
 1.50256684491979e+002    5.49705491065606e+000
 1.48572192513369e+002    6.66653449850007e+000
 1.46887700534759e+002    7.91406286683188e+000
 1.45203208556150e+002    9.16159123516369e+000
 1.46887700534759e+002    1.03335750619538e+001
 1.48572192513369e+002    9.08604669362202e+000
 1.50144385026738e+002    1.01798982652928e+001
 1.51716577540107e+002    9.01033520281727e+000
 1.53401069518717e+002    1.01042702491196e+001
 1.51828877005348e+002    1.12738333115951e+001
 1.54860962566845e+002    1.11980383461589e+001
 1.58005347593583e+002    1.10442780748663e+001
 1.60812834224599e+002    1.07341698187035e+001
 1.63620320855615e+002    1.05801591235164e+001
 1.62160427807487e+002    1.15937080996478e+001
 1.59352941176471e+002    1.19038163558106e+001
 1.50144385026738e+002    1.25213616799270e+001
 1.51828877005348e+002    1.34591991652537e+001
 1.48572192513369e+002    1.15055588887440e+001
 1.54860962566845e+002    1.32273066388418e+001
 1.53401069518717e+002    1.22896361027781e+001
 1.57893048128342e+002    1.30734628929177e+001
 1.56545454545455e+002    1.21358758314856e+001
 1.60700534759358e+002    1.27633546367549e+001
 1.62160427807487e+002    1.36229763923308e+001
 1.64967914438503e+002    1.33909169166558e+001
 1.63620320855615e+002    1.26094274161993e+001
 1.64967914438503e+002    1.14396974044607e+001
 1.66203208556150e+002    1.22991522107734e+001
 1.67550802139037e+002    1.31586904917178e+001
 1.67550802139037e+002    1.12855197600104e+001
 1.66315508021390e+002    1.04260649536977e+001
 1.64967914438503e+002    9.48847789226556e+000
 1.63732620320856e+002    8.62902308595279e+000
 1.62160427807487e+002    7.61322029476979e+000
 1.60925133689840e+002    6.51961914699361e+000
 1.59465240641711e+002    5.65999739141776e+000
 1.58005347593583e+002    4.56622929437851e+000
 1.56433155080214e+002    3.47237772270771e+000
 1.54973262032086e+002    2.22251206469284e+000
 1.58005347593583e+002    2.38086344071997e+000
 1.59465240641711e+002    3.55268031824703e+000
 1.60812834224599e+002    4.49026737967915e+000
 1.62385026737968e+002    5.58411895134994e+000
 1.63620320855615e+002    6.59967131863832e+000
 1.64967914438503e+002    7.61530716055824e+000
 1.64967914438503e+002    5.66408764836311e+000
 1.63620320855615e+002    4.57040302595539e+000
 1.62272727272727e+002    3.47671840354767e+000
 1.60925133689840e+002    2.46108256162776e+000
 1.59465240641711e+002    1.44536324507630e+000
 1.56433155080214e+002    1.28701186904917e+000
 1.54973262032086e+002    3.71462110343029e-002
 1.51828877005348e+002   -1.99337420112169e-001
 1.62385026737968e+002   -5.03685926698839e-001
 1.58005347593583e+002    3.51595148037042e-001
 1.60925133689840e+002    3.53765488457024e-001
 1.62272727272727e+002    1.52549889135255e+000
 1.63620320855615e+002    6.67964001565149e-001
 1.63620320855615e+002    2.61918351376027e+000
 1.64967914438503e+002    1.68359984348507e+000
 1.64967914438503e+002    3.63481935568019e+000
 1.66315508021390e+002    4.72850397808791e+000
 1.66315508021390e+002    2.77728446589279e+000
 1.66315508021390e+002    8.55289422199035e+000
 1.67550802139037e+002    9.49039780879092e+000
 1.68786096256684e+002    1.02718038346159e+001
 1.70133689839572e+002    1.11313421155602e+001
 1.68786096256684e+002    1.20669257858354e+001
 1.71256684491979e+002    1.19126646667536e+001
 1.72604278074866e+002    1.10551297769662e+001
 1.73727272727273e+002    1.18364523281596e+001
 1.71368983957219e+002    1.02737237511413e+001
 1.70133689839572e+002    9.41426894482849e+000
 1.68898395721925e+002    8.47676535802791e+000
 1.67663101604278e+002    7.61731055171514e+000
 1.66315508021390e+002    6.67972349028303e+000
 1.67663101604278e+002    5.66609103952002e+000
 1.68786096256684e+002    6.60351115168906e+000
 1.70133689839572e+002    7.54109821312117e+000
 1.71368983957219e+002    8.47860179992174e+000
 1.72604278074866e+002    9.33805660623451e+000
 1.73727272727273e+002    1.00413303769401e+001
 1.74962566844920e+002    1.09007851832529e+001
 1.76085561497326e+002    1.16821077344463e+001
 1.76085561497326e+002    1.00430833442024e+001
 1.74962566844920e+002    9.18371201252120e+000
 1.73839572192513e+002    8.40238946132777e+000
 1.72604278074866e+002    7.46488587452720e+000
 1.71368983957219e+002    6.68347984870223e+000
 1.70245989304813e+002    5.74605973653319e+000
 1.68898395721925e+002    4.73042389461328e+000
 1.67663101604278e+002    3.71487152732490e+000
 1.70245989304813e+002    3.87288900482588e+000
 1.71368983957219e+002    4.81030911699491e+000
 1.72604278074866e+002    5.82586148428329e+000
 1.73727272727273e+002    6.68523281596452e+000
 1.73839572192513e+002    4.96824311986435e+000
 1.72604278074866e+002    4.03073953306378e+000
 1.74962566844920e+002    7.62273640276510e+000
 1.76085561497326e+002    8.32601017347072e+000
 1.77208556149733e+002    9.18538150515195e+000
 1.78331550802139e+002    9.81060649536977e+000
 1.79342245989305e+002    1.05918455719317e+001
 1.80465240641711e+002    1.12951193426373e+001
 1.81475935828877e+002    1.19202608582236e+001
 1.82598930481283e+002    1.25454858484414e+001
 1.83497326203209e+002    1.30924951089083e+001
 1.84395721925134e+002    1.36395043693752e+001
 1.74962566844920e+002    1.25398095734968e+001
 1.72491978609626e+002    1.26940706925786e+001
 1.73839572192513e+002    1.33975114125473e+001
 1.70133689839572e+002    1.29264640667797e+001
 1.71256684491979e+002    1.36297378374853e+001
 1.76085561497326e+002    1.31650345637146e+001
 1.77208556149733e+002    1.23073327246641e+001
 1.78106951871658e+002    1.30104395461067e+001
 1.79342245989305e+002    1.35576992304682e+001
 1.81475935828877e+002    1.33251389070040e+001
 1.80465240641711e+002    1.27780461719056e+001
 1.79454545454545e+002    1.20748558758315e+001
 1.78331550802139e+002    1.15276796661015e+001
 1.77208556149733e+002    1.07463571149080e+001
 1.50144385026738e+002    7.83843485065867e+000
 1.51828877005348e+002    6.66895526281466e+000
 1.53401069518717e+002    7.76280683448546e+000
 1.54973262032086e+002    8.85665840615625e+000
 1.56320855614973e+002    9.95034302856398e+000
 1.75074866310160e+002    5.90574670666493e+000
 1.76085561497326e+002    6.76503456371462e+000
 1.77320855614973e+002    7.54644058953959e+000
 1.78331550802139e+002    8.24963088561367e+000
 1.79342245989305e+002    9.03086996217556e+000
 1.80465240641711e+002    9.73414373288118e+000
 1.81475935828877e+002    1.05153828094431e+001
 1.82598930481283e+002    1.11406077996609e+001
 1.83497326203209e+002    1.17656658406156e+001
 1.84508021390374e+002    1.23127585757141e+001
 1.85518716577540e+002    1.29379000913004e+001
 1.86417112299465e+002    1.34068605712795e+001
 1.88213903743316e+002    1.31740498239207e+001
 1.89224598930481e+002    1.36430937785314e+001
 1.90909090909091e+002    1.34882483370288e+001
 1.90010695187166e+002    1.29412390765619e+001
 1.89224598930481e+002    1.24723620712143e+001
 1.88326203208556e+002    1.20034015912352e+001
 1.87427807486631e+002    1.14563923307682e+001
 1.87427807486631e+002    1.27832215990609e+001
 1.86417112299465e+002    1.21580800834746e+001
 1.85631016042781e+002    1.15331055171514e+001
 1.84508021390374e+002    1.09859293074214e+001
 1.83609625668449e+002    1.02828224859789e+001
 1.82486631016043e+002    9.65759749576105e+000
 1.81363636363636e+002    8.95432372505543e+000
 1.80577540106952e+002    8.32934915873223e+000
 1.79566844919786e+002    7.54811008217034e+000
 1.78331550802139e+002    6.68865527585757e+000
 1.77208556149733e+002    5.90733272466414e+000
 1.75973262032086e+002    4.96982913786357e+000
 1.74962566844920e+002    4.11054128081388e+000
 1.73951871657754e+002    3.32930220425199e+000
 1.72604278074866e+002    2.31366636233207e+000
 1.71481283422460e+002    3.09331942089474e+000
 1.70358288770053e+002    2.07785052823790e+000
 1.69010695187166e+002    2.93538541802530e+000
 1.67663101604278e+002    1.84170079561758e+000
 1.66427807486631e+002    9.04197208817008e-001
 1.65080213903743e+002   -1.89487413590713e-001
 1.67775401069519e+002    4.66623190296074e-002
 1.69010695187166e+002    1.14026346680579e+000
 1.70245989304813e+002    3.60693882874658e-001
 1.71368983957219e+002    1.37616277553150e+000
 1.72716577540107e+002    5.96676666231903e-001
 1.71481283422460e+002   -3.40826920568671e-001
 1.73727272727273e+002    1.53401330376940e+000
 1.74962566844920e+002    2.47151689056998e+000
 1.76085561497326e+002    3.33088822225121e+000
 1.77320855614973e+002    4.19034302856398e+000
 1.78219251336898e+002    5.04954741098213e+000
 1.79454545454545e+002    5.90900221729490e+000
 1.80577540106952e+002    6.69032476848833e+000
 1.81475935828877e+002    7.47148037041868e+000
 1.82598930481283e+002    8.09670536063649e+000
 1.83497326203209e+002    8.87786096256685e+000
 1.84508021390374e+002    9.58105125864093e+000
 1.85518716577540e+002    1.02061927742272e+001
 1.86417112299465e+002    1.07532020346941e+001
 1.73839572192513e+002   -1.82976392330768e-001
 1.74962566844920e+002    8.32492500326073e-001
 1.76085561497326e+002    1.76991261249511e+000
 1.77208556149733e+002    2.70733272466415e+000
 1.78331550802139e+002    1.92767966610147e+000
 1.79342245989305e+002    2.78696752315117e+000
 1.80465240641711e+002    3.64633885483240e+000
 1.81475935828877e+002    4.42757793139429e+000
 1.82598930481283e+002    5.20890048258771e+000
 1.83609625668449e+002    5.99013955914960e+000
 1.84508021390374e+002    6.77129516107995e+000
 1.85518716577540e+002    7.39643667666623e+000
 1.86417112299465e+002    8.09954349810878e+000
 1.87315508021390e+002    8.64655275857571e+000
 1.88326203208556e+002    9.34974305464980e+000
 1.89224598930481e+002    9.89675231511674e+000
 1.90010695187166e+002    1.04436781009521e+001
 1.90909090909091e+002    1.09906873614191e+001
 1.91695187165775e+002    1.15376131472545e+001
 1.92593582887701e+002    1.19285248467458e+001
 1.93379679144385e+002    1.23193530716056e+001
 1.94165775401070e+002    1.27882300769532e+001
 1.94951871657754e+002    1.32571070823008e+001
 1.95737967914439e+002    1.37259840876484e+001
 1.77208556149733e+002    1.06830833442024e+000
 1.76197860962567e+002    1.30971696882744e-001
 1.78443850267380e+002    4.44836311464719e-001
 1.79342245989305e+002    1.22599191339507e+000
 1.80465240641711e+002    2.16341202556411e+000
 1.81588235294118e+002    2.94473457675753e+000
 1.82486631016043e+002    3.80393895917569e+000
 1.83497326203209e+002    4.50712925524977e+000
 1.84620320855615e+002    5.28845180644320e+000
 1.85518716577540e+002    6.06960740837355e+000
 1.86417112299465e+002    6.77271422981610e+000
 1.87315508021390e+002    7.47582105125864e+000
 1.88438502673797e+002    8.10104604147646e+000
 1.89112299465241e+002    8.64788835268032e+000
 1.89898395721925e+002    9.27286291900352e+000
 1.90909090909091e+002    9.74190687361419e+000
 1.91807486631016e+002    1.02889161340811e+001
 1.53513368983957e+002    1.05069518716578e+000
 1.81588235294118e+002    1.53985652797704e+000
 1.80465240641711e+002    7.58533976783618e-001
 1.79454545454545e+002   -1.00753880266075e-001
 1.82711229946524e+002    2.39922785965828e+000
 1.83497326203209e+002    3.10225120646928e+000
 1.84508021390374e+002    3.80544150254337e+000
 1.85518716577540e+002    4.58668057910526e+000
 1.86417112299465e+002    5.36783618103561e+000
 1.87315508021390e+002    6.14899178296596e+000
 1.88326203208556e+002    6.77413329855224e+000
 1.89112299465241e+002    7.39910786487544e+000
 1.90010695187166e+002    8.10221468631799e+000
 1.90909090909091e+002    8.57117516629712e+000
 1.81475935828877e+002   -2.12025564105908e-002
 1.82598930481283e+002    8.38168775270640e-001
 1.83497326203209e+002    1.69737315768880e+000
 1.84508021390374e+002    2.55666101473849e+000
 1.85518716577540e+002    3.33790009130038e+000
 1.86417112299465e+002    3.96295813225512e+000
 1.87315508021390e+002    4.66606495369767e+000
 1.88326203208556e+002    5.36925524977175e+000
 1.89112299465241e+002    6.15032737707056e+000
 1.90122994652406e+002    6.69742011216904e+000
 1.90909090909091e+002    3.65410199556541e+000
 1.91807486631016e+002    4.27916003652015e+000
 1.92705882352941e+002    4.74812051649928e+000
 1.90122994652406e+002    3.02912742924221e+000
 1.89224598930481e+002    2.24797182731186e+000
 1.88326203208556e+002    1.54486500586931e+000
 1.87315508021390e+002    7.63625929307421e-001
 1.86529411764706e+002   -9.54949784791966e-002
 1.88213903743316e+002    2.17952262945089e-001
 1.89336898395722e+002   -1.71456893178557e-001
 1.89224598930481e+002    9.99191339506978e-001
 1.90122994652406e+002    5.31566453632451e-001
 1.90909090909091e+002    6.38580931263858e-002
 1.90122994652406e+002    1.78034694143733e+000
 1.91021390374332e+002    1.23467327507500e+000
 1.91807486631016e+002    7.66964914568932e-001
 1.92593582887701e+002    2.21207773575062e-001
 1.93491978609626e+002   -2.46417112299465e-001
 1.90909090909091e+002    2.40532150776053e+000
 1.91582887700535e+002    1.85948089213512e+000
 1.92593582887701e+002    1.39193948089214e+000
 1.93379679144385e+002    8.46182339898265e-001
 1.94278074866310e+002    4.56606234511543e-001
 1.94839572192513e+002    6.67797052302074e-002
 1.95625668449198e+002   -4.78977435763662e-001
 1.97422459893048e+002   -2.43495500195644e-001
 1.96636363636364e+002    3.02261640798226e-001
 1.95625668449198e+002    6.91754271553411e-001
 1.94951871657754e+002    1.15954610669101e+000
 1.94502673796791e+002    1.39335854962828e+000
 1.93491978609626e+002    1.93894874135907e+000
 1.92705882352941e+002    2.40665710186514e+000
 1.91919786096257e+002    2.95241424285901e+000
 1.92593582887701e+002    3.57730533455067e+000
 1.93379679144385e+002    3.18764575453241e+000
 1.94165775401070e+002    2.71993739402635e+000
 1.95064171122995e+002    2.17426372766401e+000
 1.95850267379679e+002    1.78460414764575e+000
 1.96748663101604e+002    1.23893048128342e+000
 1.97310160427807e+002    1.00520151297770e+000
 1.98320855614973e+002    4.59611321246902e-001
 1.98882352941176e+002    2.25882352941176e-001
 1.99668449197861e+002   -3.19874788052693e-001
 2.01016042780749e+002   -6.67797052302074e-003
 2.00342245989305e+002    2.26967523151167e-001
 1.99443850267380e+002    7.72641189513499e-001
 1.98994652406417e+002    1.08450241293857e+000
 1.97983957219251e+002    1.47399504369375e+000
 1.97197860962567e+002    1.86365462371201e+000
 1.96524064171123e+002    2.33144645884962e+000
 1.95850267379679e+002    2.64314073301161e+000
 1.95176470588235e+002    3.26703012912482e+000
 1.94390374331551e+002    3.65668970914308e+000
 1.93491978609626e+002    4.12431459501761e+000
 1.93491978609626e+002    5.45114386331029e+000
 1.94390374331551e+002    4.82742141646015e+000
 1.94951871657754e+002    4.51564366766662e+000
 1.95850267379679e+002    3.89192122081649e+000
 1.96636363636364e+002    3.34616407982262e+000
 1.94390374331551e+002    6.07620190426503e+000
 1.94951871657754e+002    6.54491196034955e+000
 1.95850267379679e+002    7.16997000130429e+000
 1.95064171122995e+002    5.53036128863963e+000
 1.95850267379679e+002    6.07728707447502e+000
 1.96636363636364e+002    6.70226164079823e+000
 1.97197860962567e+002    7.17097169688274e+000
 1.96636363636364e+002    7.71689578713969e+000
 1.96636363636364e+002    8.73152993348115e+000
 1.97422459893048e+002    8.26382157297509e+000
 1.98096256684492e+002    7.79602973783749e+000
 1.95737967914439e+002    4.90647189252641e+000
 1.96524064171123e+002    5.45339767836181e+000
 1.97310160427807e+002    6.07837224468501e+000
 1.98096256684492e+002    6.54724925003261e+000
 1.96636363636364e+002    4.28274944567628e+000
 1.97310160427807e+002    3.81495761053867e+000
 1.98096256684492e+002    3.50334681100822e+000
 1.97310160427807e+002    2.87837224468501e+000
 1.97983957219251e+002    2.41058040954741e+000
 1.98882352941176e+002    2.09905308464849e+000
 1.99443850267380e+002    1.70922655536716e+000
 2.00117647058824e+002    1.24143472022956e+000
 2.00903743315508e+002    9.29823920699100e-001
 2.01577540106952e+002    6.18129646537107e-001
 2.02139037433155e+002   -5.84322420764315e-003
 1.97310160427807e+002    4.98568931785575e+000
 1.97983957219251e+002    4.51789748271814e+000
 1.98657754010695e+002    4.20620320855615e+000
 1.97983957219251e+002    5.61058040954741e+000
 1.98657754010695e+002    5.14278857440981e+000
 1.99556149732620e+002    4.67516368853528e+000
 1.91695187165775e+002    9.11810095213252e+000
 1.92368983957219e+002    9.66494326333638e+000
 1.93379679144385e+002    1.00559384374592e+001
 1.94165775401070e+002    1.05248154428068e+001
 1.94951871657754e+002    1.11497900091300e+001
 1.95625668449198e+002    1.14624859788705e+001
 1.96636363636364e+002    1.20876274944568e+001
 1.97310160427807e+002    1.24003234641972e+001
 1.97871657754011e+002    1.28690335202817e+001
 1.98770053475936e+002    1.32599452197731e+001
 1.99668449197861e+002    1.36508569192644e+001
 1.92481283422460e+002    1.07577096647972e+001
 1.93491978609626e+002    1.13828511803835e+001
 1.94390374331551e+002    1.17737628798748e+001
 1.94951871657754e+002    1.21644241554715e+001
 1.95962566844920e+002    1.26334681100822e+001
 1.96524064171123e+002    1.30241293856789e+001
 1.97422459893048e+002    1.34150410851702e+001
 1.90909090909091e+002    7.32239467849224e+000
 1.91807486631016e+002    7.94745271944698e+000
 1.92593582887701e+002    8.41632972479457e+000
 1.93491978609626e+002    8.88529020477371e+000
 1.94053475935829e+002    9.51009782183383e+000
 1.94951871657754e+002    9.97905830181297e+000
 1.95737967914439e+002    1.04479353071606e+001
 1.96636363636364e+002    1.09949445676275e+001
 1.97310160427807e+002    1.13856893178557e+001
 1.98096256684492e+002    1.18545663232033e+001
 1.98882352941176e+002    1.23234433285509e+001
 1.99556149732620e+002    1.26361392982914e+001
 2.00117647058824e+002    1.29487517934003e+001
 2.00679144385027e+002    1.32613642885092e+001
 1.97310160427807e+002    9.27837224468501e+000
 1.97871657754011e+002    9.74708230076953e+000
 1.98657754010695e+002    1.02159593061171e+001
 1.99331550802139e+002    1.06067040563454e+001
 2.00005347593583e+002    1.10754975870614e+001
 2.00679144385027e+002    1.15442911177775e+001
 2.01465240641711e+002    1.19351193426373e+001
 2.02251336898396e+002    1.23259475674971e+001
 2.02925133689840e+002    1.28727898787009e+001
 2.03486631016043e+002    1.32634511542976e+001
 1.97983957219251e+002    8.73253162905961e+000
 1.98657754010695e+002    9.12327637928786e+000
 1.99219251336898e+002    9.59198643537237e+000
 2.00005347593583e+002    9.98281466023217e+000
 2.00566844919786e+002    1.04515247163167e+001
 2.01240641711230e+002    1.09203182470327e+001
 2.01914438502674e+002    1.13891117777488e+001
 2.02700534759358e+002    1.18579887830964e+001
 2.03262032085561e+002    1.22486500586931e+001
 2.03711229946524e+002    1.26392278596583e+001
 2.04272727272727e+002    1.28737915742794e+001
 2.04609625668449e+002    1.31081883396374e+001
 2.05058823529412e+002    1.33426685796270e+001
 1.98770053475936e+002    8.18677448806574e+000
 1.99331550802139e+002    8.57743576366245e+000
 1.99893048128342e+002    8.89004825877136e+000
 2.00566844919786e+002    9.28079300899961e+000
 2.01016042780749e+002    9.67137080996478e+000
 2.01465240641711e+002    9.98389983044216e+000
 2.01914438502674e+002    1.03744776314073e+001
 2.02363636363636e+002    1.06089578713969e+001
 2.02812834224599e+002    1.09214868918743e+001
 2.03374331550802e+002    1.13121481674710e+001
 2.03935828877005e+002    1.17028094430677e+001
 2.04385026737968e+002    1.20153384635451e+001
 2.04834224598930e+002    1.24059162645102e+001
 2.05283422459893e+002    1.27184452849876e+001
 2.05732620320856e+002    1.31090230859528e+001
 2.06181818181818e+002    1.33435033259424e+001
 1.98657754010695e+002    7.09400808660493e+000
 1.99331550802139e+002    7.64085039780879e+000
 2.00117647058824e+002    8.10972740315638e+000
 2.00679144385027e+002    8.50038867875310e+000
 2.01240641711230e+002    8.89104995434981e+000
 2.02026737967914e+002    9.51602452067301e+000
 2.02812834224599e+002    1.01409990869962e+001
 2.03711229946524e+002    1.05319107864875e+001
 2.04385026737968e+002    1.10787530976914e+001
 2.04834224598930e+002    1.13912821181688e+001
 2.05283422459893e+002    1.17818599191340e+001
 2.05957219251337e+002    1.21726046693622e+001
 2.06631016042781e+002    1.26413982000783e+001
 2.07304812834225e+002    1.30321429503065e+001
 2.07641711229947e+002    1.33445884961523e+001
 1.98770053475936e+002    6.15750619538281e+000
 1.99556149732620e+002    5.68979783487675e+000
 2.00229946524064e+002    5.22200599973914e+000
 2.00903743315508e+002    4.67616538411373e+000
 2.01465240641711e+002    4.20829007434459e+000
 2.02251336898396e+002    3.81863049432633e+000
 2.03037433155080e+002    3.35092213382027e+000
 2.03823529411765e+002    2.80516499282640e+000
 1.99443850267380e+002    3.73849484805008e+000
 1.98770053475936e+002    2.95750619538281e+000
 1.99556149732620e+002    2.56784661536455e+000
 2.00117647058824e+002    2.25606886657102e+000
 2.00791443850267e+002    1.86632581192122e+000
 2.01465240641711e+002    1.39853397678362e+000
 2.02251336898396e+002    9.30825616277553e-001
 2.03037433155080e+002    4.63117255771488e-001
 2.03711229946524e+002    7.33742011216904e-002
 2.04834224598930e+002   -3.83983305073692e-003
 2.06294117647059e+002   -2.75466284074605e-003
 2.07641711229947e+002   -7.98017477500978e-002
 2.08877005347594e+002   -8.34746315377592e-004
 2.00342245989305e+002    3.11477240119995e+000
 2.00791443850267e+002    2.80291117777488e+000
 2.01465240641711e+002    2.41316812312508e+000
 2.02251336898396e+002    1.86741098213121e+000
 2.02812834224599e+002    1.55563323333768e+000
 2.03598930481283e+002    9.31827311856006e-001
 2.03486631016043e+002    1.86832920307813e+000
 2.02925133689840e+002    2.33620451284727e+000
 2.00342245989305e+002    4.20745532802922e+000
 2.00791443850267e+002    3.73949654362854e+000
 2.01465240641711e+002    3.19365592800313e+000
 2.02139037433155e+002    2.80391287335333e+000
 2.04272727272727e+002    1.47866962305987e+000
 2.04946524064171e+002    9.32829007434459e-001
 2.05620320855615e+002    4.65037172296857e-001
 2.04385026737968e+002    5.42167731837746e-001
 1.99219251336898e+002    6.54808399634799e+000
 2.00342245989305e+002    7.25135776705361e+000
 2.00903743315508e+002    7.64201904265032e+000
 2.01465240641711e+002    8.18877787922264e+000
 2.02251336898396e+002    8.65765488457024e+000
 2.02812834224599e+002    9.04831616016695e+000
 2.03486631016043e+002    9.51710969088301e+000
 2.04048128342246e+002    9.98581974696752e+000
 2.04497326203209e+002    1.03763975479327e+001
 2.05058823529412e+002    1.07670588235294e+001
 2.05620320855615e+002    1.11577200991261e+001
 2.06181818181818e+002    1.15483813747228e+001
 2.06743315508021e+002    1.18609938698317e+001
 2.07304812834225e+002    1.21736063649407e+001
 2.07754010695187e+002    1.25641841659058e+001
 2.08315508021390e+002    1.28767966610147e+001
 2.08877005347594e+002    1.32674579366115e+001
 2.00117647058824e+002    6.15850789096126e+000
 2.00791443850267e+002    6.54925264118951e+000
 2.01465240641711e+002    7.09609495239338e+000
 2.02139037433155e+002    7.64293726359723e+000
 2.02812834224599e+002    8.03368201382549e+000
 2.03374331550802e+002    8.42434328942220e+000
 2.03935828877005e+002    8.81500456501891e+000
 2.04385026737968e+002    9.28363114647189e+000
 2.04834224598930e+002    9.51811138646146e+000
 2.05171122994652e+002    9.90860571279510e+000
 2.05732620320856e+002    1.02992669883918e+001
 2.06069518716578e+002    1.06117125342376e+001
 2.06518716577540e+002    1.08461927742272e+001
 2.06855614973262e+002    1.12366871005608e+001
 2.07304812834225e+002    1.14711673405504e+001
 2.07754010695187e+002    1.17836963610278e+001
 2.08203208556150e+002    1.20962253815052e+001
 2.08652406417112e+002    1.23307056214947e+001
 2.09101604278075e+002    1.26432346419721e+001
 2.00791443850267e+002    5.61266727533586e+000
 2.01465240641711e+002    6.08146080605191e+000
 2.02139037433155e+002    6.62830311725577e+000
 2.02812834224599e+002    7.17514542845963e+000
 2.03598930481283e+002    7.64402243380723e+000
 2.04385026737968e+002    8.11289943915482e+000
 2.04946524064171e+002    8.65965827572714e+000
 2.05508021390374e+002    9.05031955132386e+000
 2.06181818181818e+002    9.59716186252772e+000
 2.06631016042781e+002    1.00657884439807e+001
 2.07192513368984e+002    1.04564497195774e+001
 2.07641711229947e+002    1.07689787400548e+001
 2.08090909090909e+002    1.10815077605322e+001
 2.08652406417112e+002    1.13941202556411e+001
 2.09101604278075e+002    1.17846980566062e+001
 2.01465240641711e+002    5.14487544019825e+000
 2.02251336898396e+002    5.76985000652146e+000
 2.02925133689840e+002    6.23864353723751e+000
 2.03486631016043e+002    6.55125603234642e+000
 2.04160427807487e+002    7.17614712403809e+000
 2.04946524064171e+002    7.64502412938568e+000
 2.05620320855615e+002    8.11381766010174e+000
 2.06181818181818e+002    8.66057649667406e+000
 2.06855614973262e+002    9.05132124690231e+000
 2.07304812834225e+002    9.44189904786749e+000
 2.07866310160428e+002    9.75451154297639e+000
 2.08315508021390e+002    1.00670405634538e+001
 2.08877005347594e+002    1.05357506195383e+001
 2.09326203208556e+002    1.07702308595278e+001
 2.02251336898396e+002    4.67716707969219e+000
 2.02812834224599e+002    5.22392591626451e+000
 2.03486631016043e+002    5.69271944698057e+000
 2.04160427807487e+002    6.23956175818443e+000
 2.04946524064171e+002    6.70843876353202e+000
 2.05508021390374e+002    7.17714881961654e+000
 2.06181818181818e+002    7.64594235033259e+000
 2.06855614973262e+002    8.11473588104865e+000
 2.07529411764706e+002    8.58352941176471e+000
 2.08090909090909e+002    9.05223946784922e+000
 2.08652406417112e+002    9.52094952393374e+000
 2.09550802139037e+002    9.13137341854702e+000
 2.09550802139037e+002    8.27283683318117e+000
 2.09550802139037e+002    7.18015390635190e+000
 2.09663101604278e+002    6.24365201512978e+000
 2.09663101604278e+002    5.30706664927612e+000
 2.09663101604278e+002    4.37048128342246e+000
 2.09550802139037e+002    3.35576366244946e+000
 2.09550802139037e+002    2.41917829659580e+000
 2.09550802139037e+002    1.56064171122995e+000
 2.09663101604278e+002    5.46091039520021e-001
 2.02812834224599e+002    4.28734055041085e+000
 2.03486631016043e+002    4.75613408112691e+000
 2.04160427807487e+002    5.22492761184296e+000
 2.04834224598930e+002    5.69372114255902e+000
 2.05508021390374e+002    6.16251467327508e+000
 2.06181818181818e+002    6.70935698447894e+000
 2.06967914438503e+002    7.17823398982653e+000
 2.07641711229947e+002    7.64702752054259e+000
 2.06967914438503e+002    7.64652667275336e+000
 2.07641711229947e+002    8.11532020346941e+000
 2.08203208556150e+002    8.11573757662710e+000
 2.08877005347594e+002    8.66257988783096e+000
 2.08764705882353e+002    7.64786226685796e+000
 2.03486631016043e+002    3.81954871527325e+000
 2.04160427807487e+002    4.21029346550150e+000
 2.04272727272727e+002    3.19574279379157e+000
 2.04272727272727e+002    2.33720620842572e+000
 2.04946524064171e+002    1.86941437328812e+000
 2.04946524064171e+002    1.40112169036129e+000
 2.05508021390374e+002    1.32349028303117e+000
 2.06294117647059e+002    9.33830703012912e-001
 2.06967914438503e+002    4.66038867875310e-001
 2.08203208556150e+002    4.66957088822225e-001
 2.08989304812834e+002    5.45590191730794e-001
 2.08989304812834e+002    9.35834094169819e-001
 2.07754010695187e+002    8.56867092735099e-001
 2.06967914438503e+002    9.34331550802139e-001
 2.09550802139037e+002    1.01430024781531e+000
 2.09663101604278e+002   -2.50423894613278e-004
 2.04160427807487e+002    3.66395200208687e+000
 2.04272727272727e+002    5.77135254988914e+000
 2.04834224598930e+002    6.16201382548585e+000
 2.06181818181818e+002    6.16301552106430e+000
 2.07641711229947e+002    6.78849093517673e+000
 2.08427807486631e+002    7.17931916003652e+000
 2.08877005347594e+002    6.71136037563584e+000
 2.06967914438503e+002    6.16359984348507e+000
 2.08090909090909e+002    9.36443458980044e+000
 2.07417112299465e+002    9.98832398591366e+000
 2.05957219251337e+002    1.26408973522890e+001
 2.05283422459893e+002    1.21721038215730e+001
 2.06743315508021e+002    1.30317255771488e+001
 2.06069518716578e+002    9.98732229033520e+000
 2.06294117647059e+002    1.12362697274032e+001
 2.04946524064171e+002    5.22551193426373e+000
 2.05732620320856e+002    5.69438893961132e+000
 2.06294117647059e+002    5.61675753228121e+000
 2.07080213903743e+002    5.69539063518977e+000
 2.07080213903743e+002    6.71002478153124e+000
 2.07754010695187e+002    6.24223294639364e+000
 2.08764705882353e+002    6.16493543758967e+000
 2.07754010695187e+002    5.69589148297900e+000
 2.08427807486631e+002    5.61834355028042e+000
 2.09101604278075e+002    5.61884439806965e+000
 2.05732620320856e+002    5.22609625668449e+000
 2.06518716577540e+002    5.14863179861745e+000
 2.07304812834225e+002    5.14921612103822e+000
 2.07978609625668e+002    5.14971696882744e+000
 2.08989304812834e+002    5.07241946002348e+000
 2.04497326203209e+002    4.60078779183514e+000
 2.05171122994652e+002    4.67933742011217e+000
 2.05732620320856e+002    4.60170601278205e+000
 2.06518716577540e+002    4.60229033520282e+000
 2.07417112299465e+002    4.60295813225512e+000
 2.08315508021390e+002    4.60362592930742e+000
 2.09101604278075e+002    4.60421025172819e+000
 2.05058823529412e+002    4.05486370157819e+000
 2.05957219251337e+002    4.05553149863049e+000
 2.06631016042781e+002    3.97798356593192e+000
 2.08315508021390e+002    3.97923568540498e+000
 2.09101604278075e+002    3.90177122733794e+000
 2.04946524064171e+002    3.66453632450763e+000
 2.05171122994652e+002    3.19641059084388e+000
 2.06069518716578e+002    3.43122472935959e+000
 2.06631016042781e+002    3.27554454154167e+000
 2.07192513368984e+002    3.35401069518717e+000
 2.06518716577540e+002    3.58765618886135e+000
 2.07641711229947e+002    3.35434459371332e+000
 2.08315508021390e+002    3.27679666101474e+000
 2.08877005347594e+002    3.35526281466023e+000
 2.04721925133690e+002    2.72778400939090e+000
 2.05620320855615e+002    2.72845180644320e+000
 2.06406417112299e+002    2.65098734837616e+000
 2.07754010695187e+002    2.73003782444242e+000
 2.07080213903743e+002    2.80758575714099e+000
 2.08315508021390e+002    2.80850397808791e+000
 2.08989304812834e+002    2.80900482587714e+000
 2.05844919786096e+002    2.18227729229164e+000
 2.06743315508021e+002    2.18294508934394e+000
 2.07529411764706e+002    2.10548063127690e+000
 2.06406417112299e+002    1.94854832398591e+000
 2.06631016042781e+002    1.48042259032216e+000
 2.08877005347594e+002    1.56014086344072e+000
 2.08315508021390e+002    1.24752836833181e+000
 2.09101604278075e+002    2.02860049563062e+000
 2.08427807486631e+002    1.63785574540237e+000
 2.07304812834225e+002    1.63702099908700e+000
 2.07529411764706e+002    1.16889526542324e+000
 2.06181818181818e+002    2.96301552106430e+000
 2.07304812834225e+002    3.74433807225773e+000
 2.07529411764706e+002    4.13474892395983e+000
 2.08764705882353e+002    4.21371592539455e+000
 2.08203208556150e+002    6.39866440589540e+000
 2.05508021390374e+002    3.58690491717751e+000
 2.04946524064171e+002    9.04990217816617e+000
